54 53 -1
53 49 -1
49 46 -1
46 44 -1
44 31 -1
31 6 -1
54 53 -1
53 49 -1
49 46 -1
46 44 -1
44 31 -1
31 6 -1
79 72 -1
72 68 -1
68 50 -1
50 43 -1
43 28 -1
72 68 -1
68 50 -1
50 43 -1
43 28 -1
102 86 -1
118 107 -1
116 101 -1
117 96 -1
144 131 -1
127 100 -1
100 74 -1
74 67 -1
67 65 -1
65 60 -1
60 47 -1
47 25 -1
25 5 -1
5 0 -1
150 130 -1
159 137 -1
137 109 -1
109 85 -1
85 71 -1
71 66 -1
66 64 -1
156 144 -1
144 131 -1
148 141 -1
154 141 -1
175 164 -1
126 100 -1
100 74 -1
74 67 -1
67 65 -1
65 60 -1
60 47 -1
47 25 -1
25 5 -1
5 0 -1
192 171 -1
136 114 -1
195 190 -1
190 182 -1
194 164 -1
198 196 -1
1 0 1
3 0 1
6 2 1
7 2 1
8 2 1
29 28 1
56 54 1
57 54 1
63 57 1
64 63 1
84 77 1
81 80 1
83 77 1
83 80 1
87 76 1
86 76 1
82 77 1
90 81 1
89 78 1
93 80 1
91 87 1
95 79 1
96 82 1
92 72 1
98 76 1
99 76 1
101 91 1
94 92 1
104 94 1
105 78 1
107 93 1
108 76 1
110 77 1
112 101 1
111 105 1
115 94 1
114 78 1
119 102 1
120 115 1
125 96 1
124 108 1
125 123 1
123 111 1
130 118 1
131 116 1
129 124 1
134 117 1
133 89 1
142 131 1
141 129 1
146 120 1
151 144 1
155 111 1
157 127 1
161 157 1
162 150 1
162 161 1
163 133 1
164 146 1
166 159 1
167 156 1
169 167 1
168 148 1
169 166 1
170 154 1
171 133 1
172 170 1
177 163 1
179 178 1
180 172 1
178 172 1
184 163 1
183 177 1
186 175 1
185 177 1
182 179 1
189 185 1
183 182 1
188 186 1
193 171 1
193 188 1
196 189 1
90 84 2
124 119 2
161 126 2
172 168 2
192 136 2
186 185 2
195 180 2
196 194 2
198 179 2
