1 0 0 2.5084e-05
4 3 0 0
3 0 0 4.58373e-05
5 0 0 0
6 2 0 1.04575e-06
7 2 0 9.1688e-07
8 2 0 3.60119e-06
9 2 0 0
10 3 0 0
11 10 0 0
12 10 0 0
13 10 0 0
14 3 0 0
15 10 0 0
16 4 0 0
17 9 0 0
18 9 0 0
19 9 0 0
20 9 0 0
21 20 0 0
22 20 0 0
23 9 0 0
24 6 0 0
25 5 0 0
26 5 0 0
27 5 0 0
29 28 0 0.000146243
30 8 0 0
31 6 0 0
32 29 0 0
33 32 0 0
34 33 0 0
35 33 0 0
36 28 0 0
37 35 0 0
38 35 0 0
39 35 0 0
40 35 0 0
41 25 0 0
42 40 0 0
43 28 0 0
44 31 0 0
45 44 0 0
46 44 0 0
47 25 0 0
48 43 0 0
49 46 0 0
50 43 0 0
51 47 0 0
52 46 0 0
53 49 0 0
54 53 0 0
55 28 0 0
56 54 0 5.43363e-06
57 54 0 4.05967e-06
58 51 0 0
59 51 0 0
60 47 0 0
61 57 0 0
62 57 0 0
63 57 0 1.97269e-07
64 63 0 1.85458e-05
65 60 0 0
66 64 0 0
67 65 0 0
68 50 0 0
69 68 0 0
70 66 0 0
71 66 0 0
72 68 0 0
73 67 0 0
74 67 0 0
75 72 0 0
79 72 0 0
84 77 0 0.000131343
85 71 0 0
81 80 0 0.000812153
83 77 0 0.00072241
83 80 0 0.00137083
88 69 0 0
87 76 0 0.000150581
86 76 0 0.000676324
82 77 0 0.00187553
90 81 0 4.94457e-05
89 78 0 0.000327752
93 80 0 0.000118043
91 87 0 0.000290181
95 79 0 3.20197e-06
96 82 0 6.54304e-05
92 72 0 0.000692777
97 85 0 0
98 76 0 0.000133306
99 76 0 7.27749e-05
100 74 0 0
102 86 0 0
103 89 0 0
101 91 0 0.000558352
94 92 0 0.00191088
104 94 0 3.75473e-06
105 78 0 0.000136552
106 82 0 0
107 93 0 6.46974e-05
109 85 0 0
108 76 0 0.000348707
110 77 0 0.000381324
112 101 0 0.000139617
113 87 0 0
111 105 0 0.00107443
115 94 0 7.09981e-05
114 78 0 0.000238317
116 101 0 0
117 96 0 0
118 107 0 0
119 102 0 6.17956e-08
121 107 0 0
122 96 0 0
120 115 0 0.000562852
125 96 0 0.000541438
124 108 0 0.00120945
126 100 0 0
127 100 0 0
128 105 0 0
125 123 0 0.00242631
123 111 0 0.011685
130 118 0 1.62578e-08
132 119 0 0
131 116 0 0.000329619
135 115 0 0
129 124 0 0.00159438
134 117 0 0.000770918
136 114 0 0
137 109 0 0
133 89 0 0.00164229
138 103 0 0
139 124 0 0
140 125 0 0
142 131 0 2.94979e-06
143 104 0 0
144 131 0 0
141 129 0 0.00198019
145 130 0 0
147 111 0 0
146 120 0 0.000670968
148 141 0 0
149 128 0 0
150 130 0 0
151 144 0 1.71265e-05
152 114 0 0
153 138 0 0
154 141 0 0
155 111 0 5.51446e-05
156 144 0 0
157 127 0 5.04297e-08
158 148 0 0
159 137 0 0
160 138 0 0
161 157 0 2.38864e-05
162 150 0 7.21701e-05
162 161 0 0.0254043
163 133 0 5.26729e-06
164 146 0 2.88991e-05
165 159 0 0
166 159 0 5.26083e-06
167 156 0 0.000123238
169 167 0 0.000234055
168 148 0 0.000771271
169 166 0 0.0297405
170 154 0 0.000294746
171 133 0 0.000358858
172 170 0 0.000661193
173 143 0 0
174 146 0 0
175 164 0 0
176 135 0 0
177 163 0 0.000214214
179 178 0 0.000394757
180 172 0 0.000156692
178 172 0 0.00238926
181 147 0 0
184 163 0 0.000554667
183 177 0 0.00138595
186 175 0 0.000178726
185 177 0 0.000660215
182 179 0 0.00292997
187 129 0 0
190 182 0 0
189 185 0 0.000995482
183 182 0 0.0898583
188 186 0 0.00233643
191 180 0 0
192 171 0 0
193 171 0 0.000133404
193 188 0 0.091666
194 164 0 0
195 190 0 0
196 189 0 0.000636113
197 168 0 0
198 196 0 0
199 193 0 0
3 1 1 0
4 1 1 0
5 1 1 0
7 6 1 0
8 7 1 0
8 6 1 0
12 11 1 0
13 12 1 0
14 10 1 0
14 11 1 0
14 12 1 0
14 13 1 0
15 14 1 0
10 1 1 0
16 3 1 0
16 10 1 0
16 11 1 0
16 12 1 0
16 14 1 0
16 15 1 0
16 13 1 0
16 0 1 0
16 1 1 0
17 2 1 0
16 5 1 0
19 18 1 0
9 8 1 0
20 19 1 0
20 18 1 0
21 18 1 0
22 21 1 0
23 20 1 0
23 2 1 0
23 19 1 0
23 17 1 0
23 21 1 0
23 18 1 0
23 22 1 0
17 8 1 0
23 7 1 0
23 6 1 0
24 8 1 0
24 7 1 0
24 2 1 0
18 8 1 0
23 8 1 0
25 1 1 0
26 0 1 0
26 1 1 0
26 25 1 0
27 0 1 0
27 1 1 0
27 25 1 0
24 23 1 0
27 3 1 0
27 4 1 0
25 16 1 0
30 24 1 0
30 7 1 0
30 2 1 0
31 8 1 0
31 24 1 0
31 2 1 0
31 7 1 0
27 26 1 0
26 16 1 0
27 16 1 0
32 28 1 0
31 30 1 0
30 23 1 0
31 23 1 0
34 32 1 0
35 32 1 0
35 34 1 0
37 33 1 0
37 32 1 0
37 34 1 0
36 29 1 0
38 33 1 0
38 32 1 0
38 37 1 0
39 33 1 0
39 32 1 0
39 38 1 0
39 37 1 0
40 33 1 0
40 32 1 0
40 39 1 0
40 38 1 0
40 37 1 0
40 34 1 0
40 29 1 0
40 28 1 0
41 27 1 0
41 26 1 0
41 1 1 0
42 35 1 0
42 33 1 0
42 32 1 0
42 39 1 0
42 38 1 0
43 36 1 0
36 32 1 0
44 8 1 0
44 24 1 0
44 30 1 0
44 6 1 0
44 7 1 0
44 2 1 0
41 16 1 0
44 23 1 0
40 36 1 0
43 40 1 0
44 9 1 0
44 17 1 0
46 45 1 0
47 41 1 0
47 27 1 0
47 26 1 0
47 5 1 0
47 1 1 0
45 23 1 0
48 36 1 0
47 0 1 0
49 45 1 0
49 44 1 0
50 36 1 0
47 16 1 0
50 48 1 0
48 40 1 0
52 45 1 0
52 49 1 0
52 44 1 0
50 40 1 0
52 30 1 0
52 31 1 0
53 52 1 0
52 8 1 0
47 3 1 0
53 44 1 0
54 52 1 0
54 49 1 0
55 43 1 0
55 50 1 0
55 36 1 0
55 48 1 0
55 29 1 0
55 32 1 0
52 24 1 0
56 53 1 0
56 49 1 0
56 52 1 0
56 46 1 0
46 23 1 0
55 40 1 0
52 23 1 0
56 44 1 0
57 56 1 0
57 52 1 0
58 47 1 0
59 47 1 0
49 23 1 0
51 16 1 0
52 7 1 0
52 6 1 0
59 58 1 0
55 33 1 0
55 35 1 0
52 2 1 0
60 58 1 0
60 59 1 0
55 42 1 0
61 54 1 0
61 56 1 0
62 56 1 0
62 54 1 0
58 16 1 0
59 16 1 0
63 61 1 0
61 52 1 0
62 53 1 0
63 62 1 0
62 49 1 0
62 61 1 0
62 52 1 0
64 62 1 0
64 61 1 0
62 46 1 0
63 52 1 0
65 59 1 0
65 58 1 0
65 51 1 0
65 47 1 0
66 63 1 0
66 62 1 0
65 41 1 0
66 61 1 0
65 27 1 0
64 52 1 0
62 44 1 0
67 60 1 0
67 59 1 0
67 58 1 0
67 47 1 0
65 26 1 0
56 23 1 0
68 48 1 0
68 55 1 0
68 36 1 0
65 16 1 0
62 45 1 0
53 23 1 0
69 55 1 0
68 40 1 0
70 63 1 0
70 64 1 0
65 25 1 0
70 61 1 0
70 62 1 0
60 16 1 0
71 70 1 0
71 62 1 0
62 23 1 0
54 23 1 0
72 69 1 0
73 65 1 0
74 65 1 0
74 60 1 0
74 58 1 0
72 55 1 0
74 59 1 0
74 73 1 0
72 50 1 0
72 48 1 0
65 1 1 0
74 47 1 0
72 36 1 0
70 52 1 0
75 68 1 0
75 69 1 0
65 5 1 0
79 75 1 0
62 31 1 0
61 23 1 0
85 70 1 0
65 0 1 0
69 40 1 0
88 72 1 0
72 40 1 0
88 68 1 0
57 23 1 0
80 77 1 0
85 62 1 0
93 81 1 0
88 75 1 0
90 80 1 0
88 79 1 0
72 43 1 0
62 8 1 0
95 75 1 0
92 79 1 0
92 88 1 0
97 71 1 0
97 70 1 0
97 66 1 0
91 76 1 0
84 80 1 0
90 84 1 0.000680788
99 91 1 0
84 83 1 0
84 81 1 0
95 72 1 0
90 77 1 0
100 73 1 0
99 87 1 0
100 65 1 0
103 78 1 0
98 86 1 0
92 69 1 0
97 64 1 0
62 30 1 0
99 98 1 0
65 3 1 0
92 75 1 0
97 63 1 0
102 76 1 0
101 87 1 0
90 83 1 0
84 82 1 0
93 83 1 0
107 81 1 0
95 92 1 0
95 94 1 0
109 97 1 0
109 70 1 0
93 90 1 0
106 77 1 0
92 68 1 0
98 87 1 0
98 91 1 0
110 83 1 0
97 61 1 0
107 80 1 0
108 86 1 0
97 62 1 0
104 95 1 0
108 102 1 0
106 96 1 0
106 84 1 0
102 98 1 0
95 88 1 0
113 76 1 0
110 82 1 0
113 91 1 0
105 103 1 0
104 92 1 0
115 104 1 0
104 79 1 0
94 72 1 0
118 93 1 0
117 82 1 0
93 84 1 0
107 90 1 0
110 96 1 0
111 78 1 0
116 112 1 0
113 101 1 0
114 89 1 0
116 91 1 0
112 91 1 0
74 16 1 0
62 24 1 0
112 87 1 0
109 62 1 0
122 82 1 0
117 110 1 0
72 28 1 0
121 118 1 0
113 112 1 0
121 93 1 0
116 87 1 0
110 84 1 0
110 80 1 0
67 16 1 0
118 80 1 0
120 104 1 0
102 99 1 0
125 122 1 0
122 106 1 0
120 94 1 0
114 103 1 0
126 74 1 0
108 98 1 0
104 75 1 0
127 74 1 0
127 73 1 0
122 117 1 0
115 92 1 0
127 67 1 0
124 102 1 0
124 119 1 6.75744e-05
119 108 1 0
106 83 1 0
101 98 1 0
108 87 1 0
128 78 1 0
128 103 1 0
126 65 1 0
127 65 1 0
104 72 1 0
102 87 1 0
82 80 1 0
121 80 1 0
127 126 1 0
110 106 1 0
97 57 1 0
127 60 1 0
106 90 1 0
117 106 1 0
107 84 1 0
113 98 1 0
112 99 1 0
124 86 1 0
125 117 1 0
104 88 1 0
130 107 1 0
130 121 1 0
112 76 1 0
62 6 1 0
131 112 1 0
127 59 1 0
132 102 1 0
127 58 1 0
128 111 1 0
135 94 1 0
111 103 1 0
106 80 1 0
114 105 1 0
110 90 1 0
129 119 1 0
119 98 1 0
132 86 1 0
62 7 1 0
134 125 1 0
130 93 1 0
134 96 1 0
62 2 1 0
134 123 1 0
137 85 1 0
137 97 1 0
132 124 1 0
135 104 1 0
124 76 1 0
122 110 1 0
132 129 1 0
136 78 1 0
125 106 1 0
135 92 1 0
97 52 1 0
123 105 1 0
133 114 1 0
130 81 1 0
135 120 1 0
106 81 1 0
123 122 1 0
137 70 1 0
138 89 1 0
110 93 1 0
139 108 1 0
140 122 1 0
116 98 1 0
134 122 1 0
140 123 1 0
142 112 1 0
127 47 1 0
104 68 1 0
120 95 1 0
138 78 1 0
96 80 1 0
143 120 1 0
140 96 1 0
132 108 1 0
97 56 1 0
133 103 1 0
139 102 1 0
120 92 1 0
129 102 1 0
133 78 1 0
143 115 1 0
114 111 1 0
123 117 1 0
142 116 1 0
112 98 1 0
134 82 1 0
115 72 1 0
130 80 1 0
140 82 1 0
144 142 1 0
136 133 1 0
138 133 1 0
135 95 1 0
145 107 1 0
125 110 1 0
144 112 1 0
73 16 1 0
124 98 1 0
130 90 1 0
132 98 1 0
75 40 1 0
140 106 1 0
140 117 1 0
149 105 1 0
138 114 1 0
117 80 1 0
134 110 1 0
150 145 1 0
104 69 1 0
134 111 1 0
149 111 1 0
140 134 1 0
149 78 1 0
151 142 1 0
141 124 1 0
138 128 1 0
123 78 1 0
147 123 1 0
106 93 1 0
139 132 1 0
149 103 1 0
152 136 1 0
152 78 1 0
138 105 1 0
63 23 1 0
134 105 1 0
150 107 1 0
137 62 1 0
135 72 1 0
149 89 1 0
149 123 1 0
155 78 1 0
88 40 1 0
134 106 1 0
147 78 1 0
156 151 1 0
140 111 1 0
149 134 1 0
153 133 1 0
153 78 1 0
143 135 1 0
124 87 1 0
156 142 1 0
156 131 1 0
155 147 1 0
151 112 1 0
155 105 1 0
152 89 1 0
154 148 1 0
158 141 1 0
146 143 1 0
160 153 1 0
160 133 1 0
155 114 1 0
123 106 1 0
159 97 1 0
130 83 1 0
155 152 1 0
158 129 1 0
122 80 1 0
139 98 1 0
152 105 1 0
120 72 1 0
152 111 1 0
154 129 1 0
145 80 1 0
161 127 1 0
161 126 1 0.000220407
112 108 1 0
154 124 1 0
138 136 1 0
162 157 1 0
130 84 1 0
152 103 1 0
162 130 1 0
161 100 1 0
161 150 1 0
146 104 1 0
147 140 1 0
107 106 1 0
154 139 1 0
127 16 1 0
165 137 1 0
148 124 1 0
166 137 1 0
156 112 1 0
140 110 1 0
160 78 1 0
161 145 1 0
112 102 1 0
64 23 1 0
146 135 1 0
166 165 1 0
156 116 1 0
92 40 1 0
162 127 1 0
129 98 1 0
149 125 1 0
166 109 1 0
161 130 1 0
165 97 1 0
158 154 1 0
152 133 1 0
164 120 1 0
169 165 1 0
131 98 1 0
134 78 1 0
169 156 1 0
138 111 1 0
170 141 1 0
166 97 1 0
168 141 1 0
169 159 1 0
70 23 1 0
170 148 1 0
152 147 1 0
156 101 1 0
166 85 1 0
150 80 1 0
168 158 1 0
158 124 1 0
149 117 1 0
149 138 1 0
66 23 1 0
167 166 1 0
173 120 1 0
149 114 1 0
173 146 1 0
97 54 1 0
158 132 1 0
163 160 1 0
157 130 1 0
154 119 1 0
173 104 1 0
152 128 1 0
171 163 1 0
173 115 1 0
170 168 1 0
172 168 1 0.00125115
104 55 1 0
149 147 1 0
127 51 1 0
97 23 1 0
163 114 1 0
171 114 1 0
154 108 1 0
79 40 1 0
163 138 1 0
154 132 1 0
150 127 1 0
168 154 1 0
172 154 1 0
95 40 1 0
175 146 1 0
174 120 1 0
163 136 1 0
173 94 1 0
174 173 1 0
161 65 1 0
164 135 1 0
149 122 1 0
176 115 1 0
149 140 1 0
170 158 1 0
163 153 1 0
166 156 1 0
176 120 1 0
142 98 1 0
165 156 1 0
152 138 1 0
130 77 1 0
166 151 1 0
153 149 1 0
172 158 1 0
154 102 1 0
163 103 1 0
176 94 1 0
134 80 1 0
176 164 1 0
174 164 1 0
176 146 1 0
104 40 1 0
177 171 1 0
169 97 1 0
155 149 1 0
173 95 1 0
173 135 1 0
164 104 1 0
163 78 1 0
176 104 1 0
159 156 1 0
155 140 1 0
177 133 1 0
181 111 1 0
181 123 1 0
130 110 1 0
181 155 1 0
178 168 1 0
180 178 1 0
181 140 1 0
152 123 1 0
97 53 1 0
156 87 1 0
173 164 1 0
180 170 1 0
174 104 1 0
130 127 1 0
176 92 1 0
181 125 1 0
111 106 1 0
171 152 1 0
170 124 1 0
180 168 1 0
140 80 1 0
149 110 1 0
181 105 1 0
156 113 1 0
124 112 1 0
176 143 1 0
152 149 1 0
186 164 1 0
149 133 1 0
171 138 1 0
176 175 1 0
186 146 1 0
187 132 1 0
155 138 1 0
187 158 1 0
187 119 1 0
121 106 1 0
178 170 1 0
183 163 1 0
130 106 1 0
181 78 1 0
184 183 1 0
179 168 1 0
166 142 1 0
156 137 1 0
187 141 1 0
187 148 1 0
184 177 1 0
184 133 1 0
181 122 1 0
184 160 1 0
160 149 1 0
160 152 1 0
185 183 1 0
187 124 1 0
100 16 1 0
182 178 1 0
145 127 1 0
97 49 1 0
166 62 1 0
186 174 1 0
181 152 1 0
176 95 1 0
187 102 1 0
127 27 1 0
191 172 1 0
181 134 1 0
168 124 1 0
180 154 1 0
163 152 1 0
191 178 1 0
127 41 1 0
189 183 1 0
191 170 1 0
149 106 1 0
185 163 1 0
178 148 1 0
138 123 1 0
156 91 1 0
181 96 1 0
190 183 1 0
187 86 1 0
181 114 1 0
181 128 1 0
188 174 1 0
189 177 1 0
138 134 1 0
191 179 1 0
184 138 1 0
191 168 1 0
189 182 1 0
187 139 1 0
173 72 1 0
181 149 1 0
176 173 1 0
184 182 1 0
178 141 1 0
188 164 1 0
190 178 1 0
187 154 1 0
186 120 1 0
190 184 1 0
184 171 1 0
181 103 1 0
187 108 1 0
176 72 1 0
181 117 1 0
154 98 1 0
177 138 1 0
178 158 1 0
147 138 1 0
178 154 1 0
176 174 1 0
156 98 1 0
181 106 1 0
152 140 1 0
185 184 1 0
97 44 1 0
191 154 1 0
127 26 1 0
189 179 1 0
187 168 1 0
192 114 1 0
192 136 1 0.00129855
156 97 1 0
185 182 1 0
130 126 1 0
152 134 1 0
186 173 1 0
193 192 1 0
192 152 1 0
97 46 1 0
192 133 1 0
191 182 1 0
158 98 1 0
190 189 1 0
187 98 1 0
181 136 1 0
166 112 1 0
144 98 1 0
194 175 1 0
186 143 1 0
118 106 1 0
126 16 1 0
71 23 1 0
192 163 1 0
194 146 1 0
189 163 1 0
167 97 1 0
147 106 1 0
192 188 1 0
194 176 1 0
189 184 1 0
186 176 1 0
194 186 1 0
188 173 1 0
127 25 1 0
175 104 1 0
189 178 1 0
192 177 1 0
182 163 1 0
187 170 1 0
193 163 1 0
189 186 1 0
186 135 1 0
188 163 1 0
192 78 1 0
189 188 1 0
186 185 1 0.00346425
195 182 1 0
189 171 1 0
156 99 1 0
193 186 1 0
195 184 1 0
183 178 1 0
187 172 1 0
183 138 1 0
193 152 1 0
195 183 1 0
186 177 1 0
97 45 1 0
154 86 1 0
186 104 1 0
192 155 1 0
181 110 1 0
181 82 1 0
140 138 1 0
154 76 1 0
163 149 1 0
127 1 1 0
186 171 1 0
195 179 1 0
127 5 1 0
186 115 1 0
181 138 1 0
192 185 1 0
195 191 1 0
195 180 1 0.000133196
196 186 1 0
196 194 1 0.00121356
195 178 1 0
192 138 1 0
194 188 1 0
192 160 1 0
185 178 1 0
104 50 1 0
181 89 1 0
195 163 1 0
192 186 1 0
192 174 1 0
141 98 1 0
189 164 1 0
195 177 1 0
194 173 1 0
186 183 1 0
184 178 1 0
179 154 1 0
194 189 1 0
194 104 1 0
127 0 1 0
195 160 1 0
192 111 1 0
195 189 1 0
104 48 1 0
196 178 1 0
186 163 1 0
195 185 1 0
181 133 1 0
104 36 1 0
156 76 1 0
197 158 1 0
193 189 1 0
192 103 1 0
127 3 1 0
197 148 1 0
192 183 1 0
154 87 1 0
191 189 1 0
130 100 1 0
195 133 1 0
198 189 1 0
198 179 1 0.00102792
189 168 1 0
198 178 1 0
154 112 1 0
197 178 1 0
199 192 1 0
197 172 1 0
195 172 1 0
199 188 1 0
197 179 1 0
182 154 1 0
197 141 1 0
192 184 1 0
161 16 1 0
130 65 1 0
187 178 1 0
97 31 1 0
152 106 1 0
192 173 1 0
198 168 1 0
195 138 1 0
198 194 1 0
197 187 1 0
192 89 1 0
199 152 1 0
97 30 1 0
127 80 1 0
97 8 1 0
192 189 1 0
197 170 1 0
127 107 1 0
181 80 1 0
130 82 1 0
197 129 1 0
130 117 1 0
135 40 1 0
198 197 1 0
192 164 1 0
198 182 1 0
85 23 1 0
195 170 1 0
106 78 1 0
176 40 1 0
199 186 1 0
197 180 1 0
197 154 1 0
195 171 1 0
186 182 1 0
104 43 1 0
195 168 1 0
189 138 1 0
106 105 1 0
138 106 1 0
198 186 1 0
156 109 1 0
197 196 1 0
186 184 1 0
97 24 1 0
192 181 1 0
94 40 1 0
151 98 1 0
185 138 1 0
181 84 1 0
197 132 1 0
192 149 1 0
181 163 1 0
197 191 1 0
130 16 1 0
189 176 1 0
188 104 1 0
130 74 1 0
97 6 1 0
104 28 1 0
182 138 1 0
197 124 1 0
97 7 1 0
197 182 1 0
197 189 1 0
97 2 1 0
193 138 1 0
186 152 1 0
168 98 1 0
148 98 1 0
130 122 1 0
195 154 1 0
109 23 1 0
140 130 1 0
186 178 1 0
130 96 1 0
195 153 1 0
197 194 1 0
154 113 1 0
181 171 1 0
154 99 1 0
196 195 1 0
198 154 1 0
194 192 1 0
181 77 1 0
134 130 1 0
189 154 1 0
104 29 1 0
97 9 1 0
186 94 1 0
156 102 1 0
138 117 1 0
192 104 1 0
199 138 1 0
137 23 1 0
156 124 1 0
138 125 1 0
104 32 1 0
156 85 1 0
166 23 1 0
151 97 1 0
199 181 1 0
186 138 1 0
156 108 1 0
130 73 1 0
198 195 1 0
142 97 1 0
156 62 1 0
186 92 1 0
199 104 1 0
170 98 1 0
166 98 1 0
157 16 1 0
173 40 1 0
186 133 1 0
195 186 1 0
115 40 1 0
195 152 1 0
195 192 1 0
186 72 1 0
156 70 1 0
189 104 1 0
197 186 1 0
178 138 1 0
120 40 1 0
138 122 1 0
186 95 1 0
197 176 1 0
181 160 1 0
138 110 1 0
197 98 1 0
188 138 1 0
181 130 1 0
154 91 1 0
197 195 1 0
156 154 1 0
195 149 1 0
156 86 1 0
195 78 1 0
156 23 1 0
181 83 1 0
181 153 1 0
195 188 1 0
143 40 1 0
156 71 1 0
195 158 1 0
149 130 1 0
190 154 1 0
186 40 1 0
195 114 1 0
186 179 1 0
181 90 1 0
195 194 1 0
195 187 1 0
195 103 1 0
130 125 1 0
130 67 1 0
190 186 1 0
154 101 1 0
193 181 1 0
186 181 1 0
187 156 1 0
162 16 1 0
186 114 1 0
156 66 1 0
156 132 1 0
195 89 1 0
138 130 1 0
195 193 1 0
186 154 1 0
130 58 1 0
154 116 1 0
186 136 1 0
130 59 1 0
186 79 1 0
195 148 1 0
130 47 1 0
130 60 1 0
195 141 1 0
196 154 1 0
195 136 1 0
159 23 1 0
186 88 1 0
195 181 1 0
130 123 1 0
156 119 1 0
181 81 1 0
186 168 1 0
186 78 1 0
156 139 1 0
186 160 1 0
183 154 1 0
181 177 1 0
150 16 1 0
156 64 1 0
195 98 1 0
184 181 1 0
156 61 1 0
154 142 1 0
195 124 1 0
181 93 1 0
154 138 1 0
181 107 1 0
195 128 1 0
165 23 1 0
156 63 1 0
184 154 1 0
164 40 1 0
191 186 1 0
146 40 1 0
189 181 1 0
186 75 1 0
130 51 1 0
154 131 1 0
188 181 1 0
156 129 1 0
186 155 1 0
156 52 1 0
156 57 1 0
174 40 1 0
130 27 1 0
169 23 1 0
145 16 1 0
130 41 1 0
156 56 1 0
130 111 1 0
194 154 1 0
194 40 1 0
181 121 1 0
186 68 1 0
186 149 1 0
187 186 1 0
185 154 1 0
186 180 1 0
186 69 1 0
163 154 1 0
130 26 1 0
186 103 1 0
186 153 1 0
130 25 1 0
154 144 1 0
183 181 1 0
186 89 1 0
181 118 1 0
181 104 1 0
156 54 1 0
130 1 1 0
186 172 1 0
130 5 1 0
186 55 1 0
186 111 1 0
185 181 1 0
156 53 1 0
147 130 1 0
197 156 1 0
177 154 1 0
130 3 1 0
186 158 1 0
158 156 1 0
156 49 1 0
181 173 1 0
186 170 1 0
80 16 1 0
107 16 1 0
152 130 1 0
186 105 1 0
167 23 1 0
156 141 1 0
154 151 1 0
130 78 1 0
156 44 1 0
121 16 1 0
192 154 1 0
156 46 1 0
106 16 1 0
192 40 1 0
175 40 1 0
118 16 1 0
195 156 1 0
186 147 1 0
186 128 1 0
156 45 1 0
181 174 1 0
181 16 1 0
181 127 1 0
181 150 1 0
181 145 1 0
186 50 1 0
154 97 1 0
181 154 1 0
181 40 1 0
186 48 1 0
166 154 1 0
176 154 1 0
186 36 1 0
170 156 1 0
156 31 1 0
168 156 1 0
156 148 1 0
156 8 1 0
156 30 1 0
182 181 1 0
186 148 1 0
186 43 1 0
181 161 1 0
93 16 1 0
167 154 1 0
169 154 1 0
197 40 1 0
154 23 1 0
186 28 1 0
188 40 1 0
164 154 1 0
188 154 1 0
186 141 1 0
199 40 1 0
151 23 1 0
186 140 1 0
181 164 1 0
186 123 1 0
81 16 1 0
181 178 1 0
186 106 1 0
154 104 1 0
171 154 1 0
154 40 1 0
142 23 1 0
112 23 1 0
186 29 1 0
98 23 1 0
186 32 1 0
181 146 1 0
144 23 1 0
189 40 1 0
90 16 1 0
186 134 1 0
186 98 1 0
194 181 1 0
160 154 1 0
186 130 1 0
154 133 1 0
181 162 1 0
84 16 1 0
190 181 1 0
198 40 1 0
181 176 1 0
175 154 1 0
131 23 1 0
196 40 1 0
83 16 1 0
165 154 1 0
110 16 1 0
181 175 1 0
196 181 1 0
195 40 1 0
181 143 1 0
197 181 1 0
198 181 1 0
181 120 1 0
193 40 1 0
154 152 1 0
193 154 1 0
77 16 1 0
181 157 1 0
154 153 1 0
159 154 1 0
154 146 1 0
173 154 1 0
116 23 1 0
154 137 1 0
154 78 1 0
174 154 1 0
154 149 1 0
191 181 1 0
154 114 1 0
181 135 1 0
181 179 1 0
199 154 1 0
154 135 1 0
138 40 1 0
181 126 1 0
154 103 1 0
185 40 1 0
181 115 1 0
101 23 1 0
152 40 1 0
82 16 1 0
117 16 1 0
154 136 1 0
181 95 1 0
154 120 1 0
87 23 1 0
171 40 1 0
178 40 1 0
154 89 1 0
163 40 1 0
181 72 1 0
140 16 1 0
122 16 1 0
113 23 1 0
181 100 1 0
181 94 1 0
96 16 1 0
177 40 1 0
181 65 1 0
134 16 1 0
181 92 1 0
91 23 1 0
181 180 1 0
154 128 1 0
154 109 1 0
181 74 1 0
154 115 1 0
181 168 1 0
99 23 1 0
154 105 1 0
183 40 1 0
154 143 1 0
154 111 1 0
181 79 1 0
154 85 1 0
181 73 1 0
149 16 1 0
154 62 1 0
154 70 1 0
76 23 1 0
155 154 1 0
138 16 1 0
125 16 1 0
182 40 1 0
154 92 1 0
154 130 1 0
181 75 1 0
181 172 1 0
154 72 1 0
154 94 1 0
181 88 1 0
187 40 1 0
154 71 1 0
181 170 1 0
184 40 1 0
133 40 1 0
123 16 1 0
181 67 1 0
124 23 1 0
108 23 1 0
102 23 1 0
154 134 1 0
168 40 1 0
154 95 1 0
181 58 1 0
181 68 1 0
154 66 1 0
114 40 1 0
136 40 1 0
181 59 1 0
181 47 1 0
181 60 1 0
155 40 1 0
179 40 1 0
154 106 1 0
154 16 1 0
154 147 1 0
86 23 1 0
181 69 1 0
154 88 1 0
154 123 1 0
181 55 1 0
78 40 1 0
154 61 1 0
154 64 1 0
187 181 1 0
154 63 1 0
181 158 1 0
154 140 1 0
154 79 1 0
111 16 1 0
187 23 1 0
190 40 1 0
132 23 1 0
158 40 1 0
154 52 1 0
154 57 1 0
181 27 1 0
181 50 1 0
139 23 1 0
119 23 1 0
181 41 1 0
191 40 1 0
160 40 1 0
154 56 1 0
111 40 1 0
154 75 1 0
181 148 1 0
149 40 1 0
147 16 1 0
181 26 1 0
181 36 1 0
147 40 1 0
181 48 1 0
181 141 1 0
181 156 1 0
154 117 1 0
181 43 1 0
186 16 1 0
152 16 1 0
154 68 1 0
181 1 1 0
154 69 1 0
154 54 1 0
78 16 1 0
154 110 1 0
105 16 1 0
172 40 1 0
128 16 1 0
103 40 1 0
181 28 1 0
154 125 1 0
180 40 1 0
154 53 1 0
89 40 1 0
129 23 1 0
181 98 1 0
181 124 1 0
154 55 1 0
154 122 1 0
105 40 1 0
154 49 1 0
170 40 1 0
98 40 1 0
40 16 1 0
155 16 1 0
195 16 1 0
154 44 1 0
153 40 1 0
154 46 1 0
106 40 1 0
140 40 1 0
181 23 1 0
148 40 1 0
195 23 1 0
154 45 1 0
154 96 1 0
128 40 1 0
103 16 1 0
123 40 1 0
141 40 1 0
130 40 1 0
154 80 1 0
156 40 1 0
197 23 1 0
154 48 1 0
154 31 1 0
154 30 1 0
158 23 1 0
154 8 1 0
129 40 1 0
154 36 1 0
141 23 1 0
154 50 1 0
124 40 1 0
154 82 1 0
134 40 1 0
132 40 1 0
192 16 1 0
154 43 1 0
114 16 1 0
40 23 1 0
89 16 1 0
154 28 1 0
170 23 1 0
154 83 1 0
168 23 1 0
148 23 1 0
178 23 1 0
153 16 1 0
133 16 1 0
186 23 1 0
125 40 1 0
160 16 1 0
163 16 1 0
122 40 1 0
136 16 1 0
191 23 1 0
119 40 1 0
102 40 1 0
172 23 1 0
117 40 1 0
139 40 1 0
108 40 1 0
96 40 1 0
110 40 1 0
171 16 1 0
184 16 1 0
180 23 1 0
86 40 1 0
82 40 1 0
23 16 1 0
80 40 1 0
76 40 1 0
84 40 1 0
199 16 1 0
87 40 1 0
177 16 1 0
77 40 1 0
99 40 1 0
112 40 1 0
189 16 1 0
182 23 1 0
198 23 1 0
179 23 1 0
83 40 1 0
183 16 1 0
193 16 1 0
189 23 1 0
91 40 1 0
90 40 1 0
113 40 1 0
182 16 1 0
101 40 1 0
81 40 1 0
185 16 1 0
116 40 1 0
190 23 1 0
138 23 1 0
188 16 1 0
178 16 1 0
93 40 1 0
107 40 1 0
190 16 1 0
184 23 1 0
142 40 1 0
121 40 1 0
183 23 1 0
131 40 1 0
196 23 1 0
104 16 1 0
191 16 1 0
118 40 1 0
173 16 1 0
163 23 1 0
144 40 1 0
174 16 1 0
194 23 1 0
197 16 1 0
185 23 1 0
127 40 1 0
150 40 1 0
145 40 1 0
177 23 1 0
151 40 1 0
179 16 1 0
198 16 1 0
164 16 1 0
194 16 1 0
161 40 1 0
196 16 1 0
180 16 1 0
192 23 1 0
146 16 1 0
166 40 1 0
97 40 1 0
176 16 1 0
176 23 1 0
168 16 1 0
160 23 1 0
156 16 1 0
162 40 1 0
167 40 1 0
175 16 1 0
170 16 1 0
169 40 1 0
172 16 1 0
133 23 1 0
143 16 1 0
120 16 1 0
171 23 1 0
104 23 1 0
164 23 1 0
153 23 1 0
188 23 1 0
149 23 1 0
157 40 1 0
130 23 1 0
152 23 1 0
165 40 1 0
135 16 1 0
78 23 1 0
175 23 1 0
158 16 1 0
115 16 1 0
103 23 1 0
187 16 1 0
126 40 1 0
98 16 1 0
159 40 1 0
95 16 1 0
114 23 1 0
72 16 1 0
193 23 1 0
141 16 1 0
124 16 1 0
148 16 1 0
89 23 1 0
137 40 1 0
94 16 1 0
146 23 1 0
128 23 1 0
100 40 1 0
65 40 1 0
92 16 1 0
173 23 1 0
136 23 1 0
135 23 1 0
74 40 1 0
174 23 1 0
105 23 1 0
199 23 1 0
79 16 1 0
111 23 1 0
129 16 1 0
134 23 1 0
73 40 1 0
139 16 1 0
120 23 1 0
106 23 1 0
75 16 1 0
109 40 1 0
88 16 1 0
155 23 1 0
115 23 1 0
108 16 1 0
132 16 1 0
68 16 1 0
85 40 1 0
62 40 1 0
123 23 1 0
58 40 1 0
143 23 1 0
70 40 1 0
102 16 1 0
69 16 1 0
47 40 1 0
92 23 1 0
59 40 1 0
55 16 1 0
110 23 1 0
140 23 1 0
112 16 1 0
72 23 1 0
119 16 1 0
147 23 1 0
117 23 1 0
71 40 1 0
94 23 1 0
76 16 1 0
87 16 1 0
80 23 1 0
66 40 1 0
95 23 1 0
113 16 1 0
88 23 1 0
40 27 1 0
36 16 1 0
125 23 1 0
86 16 1 0
122 23 1 0
64 40 1 0
61 40 1 0
96 23 1 0
63 40 1 0
79 23 1 0
99 16 1 0
97 16 1 0
83 23 1 0
91 16 1 0
52 40 1 0
142 16 1 0
57 40 1 0
82 23 1 0
56 40 1 0
75 23 1 0
101 16 1 0
68 23 1 0
69 23 1 0
77 23 1 0
84 23 1 0
55 23 1 0
127 23 1 0
93 23 1 0
107 23 1 0
44 40 1 0
90 23 1 0
81 23 1 0
36 23 1 0
118 23 1 0
40 8 1 0
121 23 1 0
161 23 1 0
145 23 1 0
150 23 1 0
