1
0
3
0
6
2
7
2
8
2
29
28
56
54 53 49 46 44 31 6
57
54 53 49 46 44 31 6
63
57
64
63
84
77
81
80
83
77
83
80
87
76
86
76
82
77
90
81
89
78
93
80
91
87
95
79 72 68 50 43 28
96
82
92
72 68 50 43 28
98
76
99
76
101
91
94
92
104
94
105
78
107
93
108
76
110
77
112
101
111
105
115
94
114
78
119
102 86
120
115
125
96
124
108
125
123
123
111
130
118 107
131
116 101
129
124
134
117 96
133
89
142
131
141
129
146
120
151
144 131
155
111
157
127 100 74 67 65 60 47 25 5 0
161
157
162
150 130
162
161
163
133
164
146
166
159 137 109 85 71 66 64
167
156 144 131
169
167
168
148 141
169
166
170
154 141
171
133
172
170
177
163
179
178
180
172
178
172
184
163
183
177
186
175 164
185
177
182
179
189
185
183
182
188
186
193
171
193
188
196
189
90
84
124
119
161
126 100 74 67 65 60 47 25 5 0
172
168
192 171
136 114
186
185
195 190 182
180
196
194 164
198 196
179
