0.016297616392278634
0.016066583428071293
0.016493549423659878
0.01595147396727587
0.013922874545369727
0.012919374021007853
0.01674973681750733
0.025036002703020005
0.04272169528933501
0.05331108573241301
0.05785124150971834
0.05850972167451258
0.05873246840464202
0.06316891852583308
0.07234294803717978
0.08853017221796171
0.08151334263354748
0.08773777643666271
0.1126657866024433
0.10662648999856644
0.09551214272017357
0.09724995724170518
0.12219883698835703
0.08893133607914724
0.1111658418759645
0.12250039163478428
0.09626757963073262
0.07521170590843974
0.09835924363289944
0.0913016830341838
0.08467141445307945
0.07167749802219683
0.08228835600990764
0.0838190145222761
0.09537805746320477
0.0893563261572887
0.07731584005278735
0.07891173383689849
0.06799007741623991
0.06472991238332959
0.07122197060397589
0.0686818658825833
0.059872877831301574
0.06511471187015574
0.057608730975727565
0.06143019070257371
0.059449659549104764
0.05401628685427372
0.05952607795176692
0.05782405017893072
0.06282930316502335
0.05846110092653541
0.05986956260081771
0.06247845880050898
0.0634124253464546
0.06842209238523297
0.07183801146920475
0.07332706663925714
0.07593051183897695
0.07814438303154739
0.08216716096598571
0.0826335060641385
0.08179245693611012
0.08161159898495002
0.07903842492142397
0.0702420219011886
0.061567920323718744
0.056999231339923885
0.05942784506474894
0.04782731495342888
0.04608362407762389
0.039577852281931815
0.037508241059912795
0.03628898578568794
0.03549611711639557
0.035106271802204686
0.030966762661072844
0.02896591581825088
0.028211150230817227
0.02717414972976852
0.02464456275946129
0.025877175474322958
0.02212532004215695
0.016967094698514464
0.01998606580217042
0.013440359245875319
0.008579522546411722
0.009368214748210743
0.009065497793805784
0.010737911925235226
0.013358088150117797
0.010395089605112776
0.00859433864642217
0.007836081775835614
0.010431673460512247
0.010333187396663791
0.009591678649896908
0.010429104842274446
0.01030537657215762
0.010431501521698012
0.016288608316600388
0.01627567249327151
0.016114110506935484
0.015991288657051645
0.01295099093854299
0.01610310389121535
0.02399072672429269
0.028321069968918422
0.04593790956371812
0.050339377911761005
0.056095870663876744
0.05899633679277529
0.06075628992727125
0.06948855291340467
0.06480987214040576
0.08534224996552565
0.07449875481579471
0.08707895434327773
0.0946505349093513
0.1041199964617704
0.06871335538732697
0.09448932870365848
0.09241284301352808
0.12462023265939262
0.09316077229440685
0.07660249314870056
0.08991666201777057
0.0812774383118886
0.07742611723408488
0.07908932811533335
0.05993048074278024
0.05584890588682561
0.058236240341717135
0.06700871313670796
0.06091623524318429
0.09347760846159481
0.06987431123878068
0.10253113556749972
0.07695644064750344
0.06311908756123316
0.08438878636954407
0.07502124539941304
0.07118649856281252
0.06183863521454846
0.07146427519009244
0.0752608097625251
0.06500659099997365
0.06892989727262651
0.09215415169316155
0.06539181550559908
0.06496581785780525
0.059131879257064486
0.06353783954158003
0.05653028523165075
0.06116451236583073
0.054629192230401184
0.061749625069282166
0.0567204653148275
0.05655969646532362
0.05839587573972223
0.05617790787339064
0.05645357595651711
0.05860908957025901
0.06124876170336304
0.06372789866310445
0.06486858838948487
0.06817092069456115
0.07390756822309724
0.07560150007227191
0.07972015983325731
0.07958520754950682
0.07844779589744946
0.06646795062909819
0.06658816453109538
0.0598443590021352
0.05075884521953735
0.05056337719588599
0.04159236895547896
0.03914427576547244
0.03442945340528412
0.03276480728187102
0.03254386962139054
0.025501525003809793
0.02361306802623073
0.01179016269998774
0.016392430602973143
0.012611507521957752
0.01257209481651806
0.008198582062403969
0.007346122316572771
0.0073908356162785335
0.008019096428785046
0.007982472695518815
0.009408572308242102
0.009413359956686951
0.009419316150284414
0.009431999543722085
0.00945282051759928
0.00942249479848719
0.009468003714425067
