179 134 -1
185 99 -1
184 10 -1
120 11 -1
179 134 -1
428 309 -1
235 20 -1
391 356 -1
368 269 -1
499 366 -1
670 647 -1
575 433 -1
572 165 -1
597 448 -1
676 629 -1
678 482 -1
277 152 -1
509 110 -1
868 621 -1
131 54 -1
681 618 -1
829 728 -1
522 193 -1
963 929 -1
494 443 -1
869 672 -1
1075 529 -1
852 507 -1
1133 1083 -1
1047 838 -1
905 534 -1
1126 921 -1
1129 828 -1
466 199 -1
277 152 -1
1047 838 -1
1303 1240 -1
1240 1012 -1
996 917 -1
981 386 -1
1005 926 -1
1401 1267 -1
1072 861 -1
861 701 -1
1089 577 -1
963 929 -1
302 188 -1
1033 785 -1
1368 995 -1
494 443 -1
1306 940 -1
1133 1083 -1
1451 1193 -1
687 531 -1
1508 1410 -1
1065 883 -1
1566 1283 -1
1494 1478 -1
1661 1660 -1
1599 1161 -1
1463 1195 -1
1631 1455 -1
684 447 -1
1451 1193 -1
1310 661 -1
1482 1453 -1
1144 1077 -1
1482 1453 -1
1649 1557 -1
1393 1273 -1
1273 767 -1
1259 765 -1
1815 1617 -1
1216 623 -1
1501 1158 -1
1618 1481 -1
758 581 -1
1119 674 -1
1529 631 -1
1139 543 -1
543 286 -1
1498 1371 -1
1641 962 -1
1522 1178 -1
843 563 -1
1810 1343 -1
113 40 -1
795 245 -1
2002 1984 -1
1718 1115 -1
1580 1328 -1
442 315 -1
1155 576 -1
1201 517 -1
517 81 -1
831 822 -1
1809 1449 -1
2094 1801 -1
1825 1206 -1
1693 1414 -1
1661 1660 -1
2133 2044 -1
1999 1871 -1
1026 160 -1
1450 855 -1
2211 1663 -1
2142 1814 -1
1774 774 -1
2099 1111 -1
949 252 -1
680 369 -1
1051 426 -1
2074 1932 -1
1873 1597 -1
1586 1374 -1
1605 1113 -1
1113 680 -1
680 369 -1
2145 1863 -1
217 2 -1
1844 792 -1
2168 2108 -1
2222 1472 -1
1698 1110 -1
1110 1044 -1
1044 649 -1
2090 1938 -1
2148 1983 -1
2387 2375 -1
1311 851 -1
1479 419 -1
419 88 -1
1719 1183 -1
2432 2029 -1
1705 1688 -1
1711 1135 -1
1135 673 -1
1732 862 -1
1703 1684 -1
2154 1766 -1
1766 853 -1
853 194 -1
2304 2199 -1
1454 1289 -1
2197 1730 -1
1730 1334 -1
1904 1487 -1
1703 1684 -1
2032 1801 -1
1493 1057 -1
1705 1688 -1
187 18 -1
2167 1790 -1
2643 2424 -1
1122 358 -1
179 134 -1
2468 1727 -1
2665 1242 -1
1242 899 -1
2383 2060 -1
1899 1683 -1
2378 1137 -1
2117 1819 -1
2281 1324 -1
1324 766 -1
1795 1029 -1
2553 1442 -1
2223 1858 -1
2361 2078 -1
2434 1843 -1
2719 2385 -1
2385 1574 -1
1574 1143 -1
1143 760 -1
2712 2529 -1
2070 1569 -1
2496 1897 -1
1897 1218 -1
2434 1843 -1
2514 796 -1
2400 1960 -1
2603 1200 -1
2718 2673 -1
2646 2272 -1
1831 1480 -1
1480 197 -1
2896 2241 -1
2241 1148 -1
2492 2232 -1
2666 2623 -1
2623 1573 -1
1573 1220 -1
2749 2580 -1
2780 2284 -1
2549 2079 -1
2382 2113 -1
2902 2758 -1
2476 1348 -1
2698 1600 -1
3021 2958 -1
2389 1953 -1
1953 1842 -1
292 94 -1
2975 2857 -1
2857 2671 -1
1705 1688 -1
2651 2158 -1
871 760 -1
2554 1980 -1
2807 1261 -1
2491 1785 -1
2764 2536 -1
2626 1849 -1
2526 1977 -1
2894 2773 -1
2842 2527 -1
2527 2152 -1
1155 576 -1
2828 2233 -1
2233 1475 -1
2397 1624 -1
1624 1305 -1
2789 2280 -1
2749 2580 -1
2777 1741 -1
2843 2275 -1
2275 1621 -1
3009 2953 -1
1396 1171 -1
755 329 -1
2723 2101 -1
2790 2484 -1
2706 1426 -1
1426 1099 -1
3096 2899 -1
2399 2093 -1
3170 2874 -1
3200 2086 -1
3173 3072 -1
3232 2904 -1
2904 1603 -1
1603 896 -1
518 175 -1
2774 2020 -1
3027 2163 -1
2163 1395 -1
2951 2750 -1
1847 1292 -1
1292 1013 -1
849 100 -1
2862 1377 -1
2431 1782 -1
3231 2959 -1
2959 2487 -1
3189 2936 -1
2936 2445 -1
3300 2293 -1
3304 3077 -1
3243 2752 -1
2752 2436 -1
2436 1424 -1
3186 1778 -1
1778 894 -1
2895 952 -1
952 551 -1
518 175 -1
3227 3090 -1
3306 2520 -1
1140 302 -1
302 188 -1
2130 1855 -1
1855 1142 -1
1142 826 -1
3388 3081 -1
3081 2344 -1
3383 3062 -1
3131 2999 -1
3029 2041 -1
3134 2565 -1
3361 3144 -1
2918 2600 -1
2600 2159 -1
717 406 -1
406 106 -1
3297 3124 -1
3319 2928 -1
2928 1554 -1
1554 1229 -1
1229 988 -1
988 754 -1
3479 2290 -1
2290 1744 -1
1744 1254 -1
3564 3159 -1
3451 3367 -1
3409 2585 -1
2585 734 -1
3288 3020 -1
3308 3290 -1
3290 3275 -1
2960 2721 -1
3201 2287 -1
3497 3461 -1
3021 2958 -1
3319 2928 -1
2928 1554 -1
1554 1229 -1
1229 988 -1
988 754 -1
3414 2792 -1
2792 2085 -1
3518 3211 -1
3211 2891 -1
2891 2507 -1
2507 2360 -1
2360 1860 -1
2575 2250 -1
3055 2599 -1
2599 2322 -1
3281 1088 -1
1088 339 -1
3357 3251 -1
3338 2766 -1
2766 2120 -1
2120 1438 -1
2670 945 -1
3569 3404 -1
3415 3217 -1
3217 2770 -1
2114 1320 -1
1320 427 -1
427 106 -1
3589 2638 -1
3298 3113 -1
3113 2990 -1
2990 2505 -1
3593 3555 -1
3577 3570 -1
3629 3097 -1
3097 2654 -1
2654 2267 -1
3659 2945 -1
2945 2165 -1
2708 2547 -1
2547 1777 -1
1777 762 -1
762 705 -1
1687 1164 -1
1164 924 -1
3172 3037 -1
3681 3523 -1
3676 2796 -1
2796 2299 -1
2299 1742 -1
3366 3188 -1
3628 3355 -1
3355 1326 -1
3386 2530 -1
3743 3502 -1
3502 3474 -1
1140 302 -1
302 188 -1
3543 3141 -1
3662 3151 -1
3670 3222 -1
3679 3578 -1
3865 3657 -1
3655 2620 -1
3667 3437 -1
3437 3343 -1
3758 3266 -1
3284 3179 -1
3716 3430 -1
3430 3102 -1
3493 2788 -1
3884 3827 -1
2951 2750 -1
3780 3268 -1
3294 2700 -1
3340 2996 -1
1563 1189 -1
1189 412 -1
3886 3505 -1
3482 1440 -1
1440 998 -1
3046 815 -1
3476 3014 -1
3923 3687 -1
2888 2732 -1
2732 1798 -1
3522 2866 -1
3157 2301 -1
2301 533 -1
533 380 -1
3600 3445 -1
3445 3051 -1
3927 3730 -1
4004 3767 -1
3767 3467 -1
3292 3149 -1
3971 3895 -1
3895 3515 -1
3988 3935 -1
3912 3819 -1
3819 3526 -1
4013 3064 -1
3064 2574 -1
3852 3826 -1
4011 3362 -1
3362 3101 -1
3715 2829 -1
2829 1722 -1
1722 1048 -1
3841 3534 -1
3534 3040 -1
3040 2274 -1
2274 1653 -1
3871 3849 -1
3849 3804 -1
3357 3251 -1
4026 3694 -1
1259 765 -1
3993 3833 -1
3911 3712 -1
3712 3591 -1
4084 3992 -1
3825 3686 -1
3981 3459 -1
3459 2935 -1
4121 4064 -1
1771 1558 -1
1558 1235 -1
1235 990 -1
3113 2990 -1
2990 2505 -1
4124 4058 -1
3834 3554 -1
3554 3471 -1
3979 3962 -1
4123 3646 -1
3646 3299 -1
4044 2913 -1
2913 2832 -1
3675 3465 -1
3465 2329 -1
2329 1758 -1
3445 3051 -1
3974 3937 -1
4174 4098 -1
4098 4062 -1
3247 2927 -1
4157 4036 -1
3155 2583 -1
3706 3045 -1
4031 3991 -1
3991 3860 -1
4216 4161 -1
4216 4161 -1
3893 2753 -1
2753 2402 -1
2402 491 -1
4118 3985 -1
3985 3887 -1
3407 3206 -1
3206 2609 -1
4190 4104 -1
4194 3685 -1
3685 3311 -1
3311 2911 -1
4111 4025 -1
3068 1729 -1
1729 331 -1
4294 4291 -1
4187 3998 -1
4223 4204 -1
4269 4251 -1
4206 3808 -1
3360 2767 -1
2767 1015 -1
4253 4197 -1
3371 2855 -1
2855 1799 -1
1799 461 -1
4305 4256 -1
4188 3161 -1
4327 4257 -1
4154 3969 -1
3068 1729 -1
1729 331 -1
4342 3775 -1
4306 4208 -1
4205 4126 -1
4397 4180 -1
4380 4318 -1
4209 4139 -1
4394 4284 -1
4284 4077 -1
4182 3375 -1
4202 3815 -1
3815 3049 -1
3049 1789 -1
4440 4279 -1
4407 4377 -1
4462 4360 -1
4349 4151 -1
4225 4134 -1
3465 2329 -1
2329 1758 -1
4498 4310 -1
4310 2824 -1
2824 1325 -1
4303 3728 -1
3728 2920 -1
4470 4351 -1
4301 3806 -1
3759 3404 -1
3955 3499 -1
3499 3159 -1
4437 4339 -1
4339 4120 -1
4373 4144 -1
4559 4526 -1
4570 4487 -1
4487 4293 -1
4293 4014 -1
4014 3444 -1
3444 2733 -1
2733 2230 -1
4521 4448 -1
4252 3903 -1
3903 2629 -1
2629 1382 -1
4461 4203 -1
4203 4086 -1
4086 3944 -1
4027 3649 -1
3649 2370 -1
2370 1407 -1
4543 4507 -1
3622 3245 -1
4393 4162 -1
1155 576 -1
853 194 -1
3760 3687 -1
4689 4582 -1
4593 4494 -1
3844 3289 -1
3289 1900 -1
4629 4195 -1
4195 2475 -1
2475 1692 -1
1692 1425 -1
4580 4224 -1
4224 3292 -1
3292 3149 -1
4700 4578 -1
4708 4632 -1
4680 4560 -1
4560 4369 -1
4369 3967 -1
3967 3133 -1
3133 2115 -1
2115 1894 -1
4539 4344 -1
4709 4653 -1
4609 4356 -1
4356 3724 -1
3724 3122 -1
3122 2195 -1
2195 1346 -1
4771 4449 -1
4449 4029 -1
4029 3782 -1
3782 3473 -1
3473 3067 -1
4757 4585 -1
4585 4540 -1
3624 3574 -1
4766 4647 -1
4695 4592 -1
4592 4408 -1
4752 4649 -1
4790 4600 -1
4716 4687 -1
4341 4191 -1
4674 4340 -1
4340 2804 -1
2804 2270 -1
2270 1850 -1
4465 4292 -1
4141 3531 -1
3531 3527 -1
4709 4653 -1
3135 2605 -1
2605 2336 -1
2336 1358 -1
4562 4182 -1
4182 3375 -1
4822 4659 -1
4806 4261 -1
4261 4049 -1
4838 4702 -1
4888 4848 -1
4475 4148 -1
4175 4040 -1
4613 4272 -1
4272 4198 -1
4198 4153 -1
4889 4810 -1
4810 4805 -1
4805 4423 -1
4423 4246 -1
4246 3956 -1
4863 4681 -1
4681 4524 -1
2251 733 -1
4428 2880 -1
2880 1745 -1
4878 4858 -1
4768 4721 -1
4721 4529 -1
2718 2673 -1
4094 2390 -1
2390 1467 -1
4899 4068 -1
4068 3317 -1
4671 3868 -1
3868 3452 -1
4050 3691 -1
4895 4834 -1
4834 4291 -1
4546 4313 -1
4885 4282 -1
4211 3792 -1
3792 3184 -1
3184 2168 -1
2168 2108 -1
4905 4818 -1
4818 3907 -1
3907 3354 -1
3354 3223 -1
4947 3520 -1
3520 1534 -1
1534 891 -1
4740 3875 -1
3875 3380 -1
3380 2228 -1
2228 1410 -1
4759 4732 -1
4997 2760 -1
4897 3918 -1
3918 3195 -1
3195 1429 -1
1429 349 -1
4943 4656 -1
4656 4367 -1
4367 3744 -1
4990 3857 -1
3857 3373 -1
4919 4775 -1
4775 4511 -1
4639 4614 -1
5019 4849 -1
4849 4185 -1
4185 3763 -1
4898 4862 -1
4996 4837 -1
4837 4628 -1
4628 3126 -1
3126 1891 -1
4672 4483 -1
4483 4459 -1
4459 4319 -1
4319 3678 -1
3678 3216 -1
3216 2676 -1
4986 4922 -1
3898 2846 -1
2846 2258 -1
2258 2184 -1
5041 4958 -1
4983 4783 -1
4783 4320 -1
4320 2690 -1
3728 2920 -1
5033 4972 -1
4972 4317 -1
4317 3191 -1
3191 2816 -1
2816 2077 -1
4961 4235 -1
4235 3496 -1
3496 3031 -1
3031 2247 -1
2247 1076 -1
4131 3818 -1
5023 4861 -1
4861 4355 -1
4355 4258 -1
5003 4841 -1
4841 4421 -1
4421 3983 -1
3983 3447 -1
3447 2467 -1
4960 4949 -1
2849 2460 -1
2460 1650 -1
4860 3173 -1
3173 3072 -1
4230 2997 -1
2997 2335 -1
4979 4634 -1
4634 4177 -1
5098 4975 -1
4975 4826 -1
4826 4316 -1
5007 4755 -1
4857 1154 -1
3896 3727 -1
5061 4808 -1
4808 4687 -1
5143 5078 -1
4679 4646 -1
5109 5069 -1
5069 4920 -1
5149 4907 -1
3731 3427 -1
4987 4652 -1
4652 4409 -1
920 317 -1
3928 3752 -1
3752 1326 -1
5121 5097 -1
5097 4974 -1
4974 4918 -1
4918 4797 -1
4990 3857 -1
3857 3373 -1
5038 4981 -1
4981 4959 -1
4591 3996 -1
3996 2637 -1
5090 5043 -1
5043 4941 -1
4941 4912 -1
5211 5107 -1
5107 4623 -1
4623 3032 -1
5089 4275 -1
5160 4903 -1
4903 3915 -1
3546 2255 -1
2255 1620 -1
1620 901 -1
3130 1522 -1
1522 1178 -1
5156 5102 -1
4734 4594 -1
4594 4568 -1
3047 2300 -1
2300 1794 -1
5156 5102 -1
4683 4433 -1
4433 3963 -1
3963 3547 -1
3547 3269 -1
4112 1275 -1
1275 886 -1
5255 5010 -1
5010 4753 -1
3976 3434 -1
3434 1931 -1
1931 1308 -1
5233 5215 -1
5215 5059 -1
5059 4872 -1
4872 4610 -1
4610 4345 -1
3645 1751 -1
5140 3192 -1
4611 4538 -1
5298 5119 -1
3920 2824 -1
2824 1325 -1
4427 4087 -1
4087 3717 -1
5216 4798 -1
4798 3617 -1
3617 2235 -1
2235 904 -1
904 824 -1
5262 5241 -1
5241 5114 -1
5312 5265 -1
5265 5138 -1
5138 4966 -1
4966 4737 -1
4737 4565 -1
5292 5197 -1
5324 5237 -1
5237 5163 -1
5058 4874 -1
4874 3389 -1
5300 4956 -1
4956 4694 -1
4694 4536 -1
5173 4309 -1
4309 3484 -1
3484 2501 -1
5353 5304 -1
4621 4453 -1
5243 4781 -1
5375 5351 -1
5106 4663 -1
4663 4382 -1
4739 3340 -1
3340 2996 -1
5370 5346 -1
5115 5074 -1
3608 2463 -1
5337 5321 -1
4835 4532 -1
4484 3898 -1
3898 2846 -1
2846 2258 -1
2258 2184 -1
5144 5002 -1
5002 4917 -1
4917 4698 -1
5135 4128 -1
5246 5032 -1
5032 4056 -1
4056 2269 -1
5408 5367 -1
5367 5364 -1
5364 5328 -1
4832 3111 -1
3111 2229 -1
2229 1002 -1
1002 639 -1
5412 4902 -1
4902 3125 -1
3125 2365 -1
4677 4266 -1
4266 4245 -1
4639 4614 -1
3961 3239 -1
5293 4719 -1
4719 4312 -1
5075 4789 -1
4789 3953 -1
3953 3457 -1
3457 3267 -1
3748 3095 -1
3095 296 -1
5446 5381 -1
5381 4747 -1
4747 4270 -1
4270 2779 -1
2779 2608 -1
5444 5263 -1
5263 5013 -1
5013 4893 -1
4893 4357 -1
4357 4334 -1
4334 4331 -1
2251 733 -1
5342 5290 -1
4588 4349 -1
4349 4151 -1
5223 5193 -1
5193 4780 -1
4780 4145 -1
3145 2900 -1
2900 2429 -1
4999 4809 -1
5520 5476 -1
2276 1909 -1
4608 1697 -1
5519 5333 -1
5333 4995 -1
5433 3442 -1
3442 3086 -1
5537 5474 -1
5474 5442 -1
5442 5368 -1
5368 5205 -1
5205 5124 -1
5124 5066 -1
5066 4925 -1
4925 4183 -1
4183 3590 -1
5502 5429 -1
5429 5330 -1
5330 5224 -1
5500 5496 -1
5553 5552 -1
3592 262 -1
5578 5510 -1
5510 5491 -1
4007 3790 -1
5527 5320 -1
5320 5129 -1
5129 4938 -1
4938 4669 -1
3148 1489 -1
1489 536 -1
5568 5503 -1
4997 2760 -1
5315 4619 -1
4619 3583 -1
5372 5122 -1
5122 4821 -1
4821 4618 -1
5551 5545 -1
5545 5501 -1
5501 5374 -1
5374 5209 -1
5209 5077 -1
5077 4875 -1
4826 4316 -1
5417 5286 -1
5286 5054 -1
5054 4793 -1
4793 4479 -1
4479 3829 -1
3829 3598 -1
4472 2878 -1
2878 1920 -1
4799 4488 -1
4472 2878 -1
2878 1920 -1
3566 3201 -1
3201 2287 -1
5659 5598 -1
5598 5505 -1
5505 5294 -1
5294 5225 -1
5225 5184 -1
5672 5640 -1
5640 5526 -1
5526 5310 -1
5310 5258 -1
5671 5652 -1
5054 4793 -1
4793 4479 -1
4479 3829 -1
3829 3598 -1
4696 2073 -1
2073 2059 -1
5631 5616 -1
5380 5321 -1
5669 5626 -1
5626 5605 -1
5605 5336 -1
5336 5045 -1
5045 4914 -1
4914 4607 -1
4607 4296 -1
5637 5377 -1
5377 5055 -1
5055 4595 -1
4595 3940 -1
5711 5705 -1
5636 5612 -1
5612 5588 -1
5618 5606 -1
5618 5606 -1
5722 5682 -1
5682 5677 -1
5677 5665 -1
5747 5742 -1
4734 4594 -1
4594 4568 -1
5572 5094 -1
5094 4794 -1
4794 4295 -1
4295 3351 -1
3351 3215 -1
3215 2675 -1
5563 5400 -1
5400 5376 -1
4209 4139 -1
5782 5758 -1
5758 5737 -1
5737 5723 -1
5723 5693 -1
5693 5564 -1
5717 5323 -1
5323 5238 -1
5757 5680 -1
5680 5596 -1
5596 5234 -1
5234 5157 -1
5457 5430 -1
5430 5362 -1
5631 5616 -1
1679 877 -1
877 470 -1
5029 4845 -1
4845 4468 -1
4468 3666 -1
3666 3262 -1
5818 5583 -1
5583 5169 -1
5580 4251 -1
5792 5787 -1
3374 1544 -1
1544 546 -1
5637 5377 -1
5377 5055 -1
5055 4595 -1
4595 3940 -1
5099 4392 -1
4392 3810 -1
5625 5369 -1
5369 4076 -1
4076 4075 -1
4320 2690 -1
5833 5810 -1
5792 5787 -1
5851 5822 -1
5618 5606 -1
5834 5646 -1
5646 5561 -1
5561 5422 -1
5422 5194 -1
5194 3400 -1
3400 974 -1
5868 5866 -1
4683 4433 -1
4433 3963 -1
3963 3547 -1
3547 3269 -1
5851 5822 -1
5880 5295 -1
5295 5199 -1
5199 4238 -1
4238 2734 -1
5794 5775 -1
5775 5719 -1
5719 5630 -1
5630 5538 -1
5538 5403 -1
2483 1338 -1
5884 5883 -1
5893 5885 -1
5220 4237 -1
4237 1826 -1
1826 347 -1
347 208 -1
208 101 -1
101 73 -1
4892 1657 -1
1657 1112 -1
1112 198 -1
5925 2239 -1
2239 875 -1
5799 3791 -1
3791 3115 -1
5872 5520 -1
5520 5476 -1
5610 5316 -1
5316 5253 -1
5826 5577 -1
5577 4770 -1
4770 4731 -1
4731 4714 -1
5855 5360 -1
5360 5118 -1
5946 5929 -1
5929 5918 -1
5918 5887 -1
5181 4968 -1
4718 4212 -1
5893 5885 -1
5910 5862 -1
5862 5774 -1
5963 5948 -1
5909 5697 -1
5697 5454 -1
5454 5281 -1
5281 5190 -1
5861 4751 -1
4751 4259 -1
4053 4020 -1
3643 773 -1
5984 5972 -1
5972 5970 -1
5935 5907 -1
5407 5158 -1
5158 4835 -1
4835 4532 -1
6047 4466 -1
4466 2359 -1
2359 775 -1
775 590 -1
6046 6045 -1
6053 6052 -1
4359 4150 -1
4150 2625 -1
2625 1024 -1
6063 6062 -1
5497 5179 -1
83 67 -1
74 60 -1
143 82 -1
217 2 -1
244 207 -1
185 99 -1
141 119 -1
216 94 -1
393 142 -1
351 197 -1
481 273 -1
477 11 -1
427 106 -1
442 315 -1
496 405 -1
758 581 -1
831 822 -1
798 726 -1
678 482 -1
593 553 -1
83 67 -1
759 712 -1
540 479 -1
743 484 -1
843 563 -1
503 219 -1
676 629 -1
377 210 -1
676 629 -1
735 234 -1
954 409 -1
280 111 -1
946 719 -1
854 709 -1
946 719 -1
1073 807 -1
743 484 -1
1094 993 -1
275 144 -1
1131 923 -1
1022 721 -1
1366 603 -1
578 349 -1
1419 716 -1
1085 1043 -1
1043 1000 -1
509 110 -1
1047 838 -1
1580 1328 -1
354 276 -1
466 199 -1
1039 964 -1
946 719 -1
1219 587 -1
1659 1037 -1
1072 861 -1
861 701 -1
1489 536 -1
1675 1584 -1
699 523 -1
1582 1266 -1
393 142 -1
1552 1225 -1
1065 883 -1
1501 1158 -1
1089 577 -1
1733 1080 -1
393 142 -1
1835 1723 -1
1720 1498 -1
1498 1371 -1
1661 1660 -1
1207 675 -1
2073 2059 -1
1316 576 -1
1988 1779 -1
1553 1059 -1
795 245 -1
2206 1927 -1
575 433 -1
1692 1425 -1
1692 1425 -1
2248 1323 -1
1323 97 -1
2239 875 -1
751 530 -1
823 779 -1
428 309 -1
1990 968 -1
1696 1237 -1
2248 1323 -1
1323 97 -1
1675 1584 -1
1533 1334 -1
1988 1779 -1
2283 1905 -1
2321 1862 -1
2399 2093 -1
1119 674 -1
2333 1721 -1
821 78 -1
2416 1780 -1
1780 1351 -1
1646 1141 -1
2002 1984 -1
1870 1174 -1
2645 2025 -1
1907 703 -1
2260 1713 -1
2304 2199 -1
1635 1122 -1
1122 358 -1
2390 1467 -1
2526 1977 -1
2687 544 -1
2223 1858 -1
2193 1896 -1
1656 627 -1
627 68 -1
1851 970 -1
2816 2077 -1
2836 2613 -1
2613 2348 -1
2741 2470 -1
2869 2700 -1
1605 1113 -1
1113 680 -1
680 369 -1
2872 2851 -1
2684 1644 -1
2330 1938 -1
2913 2832 -1
1822 1602 -1
2643 2424 -1
1851 970 -1
2654 2267 -1
2907 2899 -1
2229 1002 -1
1002 639 -1
2966 2632 -1
2797 2667 -1
1626 1427 -1
2281 1324 -1
1324 766 -1
3012 2448 -1
2448 768 -1
2633 2404 -1
1335 1209 -1
2619 2391 -1
2496 1897 -1
1897 1218 -1
2768 2096 -1
83 67 -1
2768 2096 -1
2594 2392 -1
1890 1767 -1
2076 1515 -1
3043 2939 -1
2835 2161 -1
2161 1754 -1
3043 2939 -1
920 317 -1
2568 452 -1
226 2 -1
2729 2155 -1
1956 1920 -1
2857 2671 -1
2883 2246 -1
1876 916 -1
2263 413 -1
1992 1695 -1
1695 1299 -1
2571 1448 -1
2572 1555 -1
2845 876 -1
876 850 -1
3104 2943 -1
2523 2105 -1
3135 2605 -1
2605 2336 -1
2336 1358 -1
2663 2125 -1
2733 2230 -1
2766 2120 -1
2120 1438 -1
2032 1801 -1
2403 2120 -1
2120 1438 -1
3255 3035 -1
2494 2169 -1
2400 1960 -1
2009 1212 -1
1214 943 -1
3314 2611 -1
2611 1066 -1
1336 1096 -1
2978 2263 -1
2263 413 -1
3155 2583 -1
1525 1337 -1
1337 789 -1
2206 1927 -1
2143 1689 -1
1694 742 -1
2842 2527 -1
2527 2152 -1
2842 2527 -1
2527 2152 -1
2842 2527 -1
2527 2152 -1
2663 2125 -1
3357 3251 -1
2883 2246 -1
3158 1579 -1
2831 2750 -1
3095 296 -1
3337 658 -1
3346 3214 -1
2514 796 -1
3458 2194 -1
3462 1852 -1
3501 2685 -1
1573 1220 -1
3413 2622 -1
2622 609 -1
2933 2560 -1
2966 2632 -1
2431 1782 -1
2884 1176 -1
1176 915 -1
2696 2367 -1
2459 1974 -1
3293 2666 -1
2666 2623 -1
2623 1573 -1
1573 1220 -1
725 324 -1
3648 2227 -1
971 859 -1
3259 3124 -1
3624 3574 -1
2231 1536 -1
2572 1555 -1
1949 1311 -1
1311 851 -1
3568 3440 -1
2843 2275 -1
2275 1621 -1
1931 1308 -1
1240 1012 -1
3660 3055 -1
3055 2599 -1
2599 2322 -1
3098 1782 -1
2464 1950 -1
3281 1088 -1
1088 339 -1
1219 587 -1
3792 3184 -1
3184 2168 -1
2168 2108 -1
3104 2943 -1
3182 2319 -1
2319 1808 -1
1808 1589 -1
1589 1494 -1
1494 1478 -1
2794 139 -1
1314 602 -1
1854 47 -1
3811 3386 -1
3386 2530 -1
3363 2595 -1
2082 1578 -1
3522 2866 -1
3158 1579 -1
3470 2819 -1
3470 2819 -1
3916 3356 -1
3356 2914 -1
3116 2428 -1
3334 3102 -1
2929 2502 -1
3142 2916 -1
2916 2435 -1
3877 3420 -1
3922 3758 -1
3758 3266 -1
2618 1627 -1
3900 3356 -1
3356 2914 -1
3116 2428 -1
3779 3277 -1
1956 1920 -1
3227 3090 -1
3092 2850 -1
3971 3895 -1
3895 3515 -1
3560 3515 -1
3190 2525 -1
3638 1046 -1
1046 259 -1
3876 3601 -1
2940 2932 -1
2872 2851 -1
2468 1727 -1
3401 3177 -1
2137 2011 -1
2011 1775 -1
3501 2685 -1
3457 3267 -1
4090 3107 -1
3107 2897 -1
3892 3800 -1
2677 178 -1
178 139 -1
2306 1788 -1
3346 3214 -1
4010 3575 -1
3575 1465 -1
2934 2716 -1
2716 1964 -1
3568 3440 -1
1419 716 -1
2691 1523 -1
4111 4025 -1
4041 3766 -1
4041 3766 -1
3777 3540 -1
2248 1323 -1
1323 97 -1
3430 3102 -1
3499 3159 -1
3288 3020 -1
2283 1905 -1
3811 3386 -1
3386 2530 -1
677 216 -1
216 94 -1
3145 2900 -1
2900 2429 -1
2936 2445 -1
3845 1335 -1
1335 1209 -1
2382 2113 -1
3765 3717 -1
4215 4074 -1
301 57 -1
4239 3225 -1
2330 1938 -1
4269 4251 -1
2270 1850 -1
3842 3206 -1
3206 2609 -1
2891 2507 -1
2507 2360 -1
2360 1860 -1
3955 3499 -1
3499 3159 -1
1586 1374 -1
2895 952 -1
952 551 -1
2360 1860 -1
4060 3551 -1
3551 2576 -1
3229 2837 -1
2837 1973 -1
3740 3182 -1
3182 2319 -1
2319 1808 -1
1808 1589 -1
1589 1494 -1
1494 1478 -1
2964 2856 -1
2865 1852 -1
3955 3499 -1
3499 3159 -1
4060 3551 -1
3551 2576 -1
2464 1950 -1
4328 3791 -1
3791 3115 -1
1316 576 -1
2794 139 -1
1553 1059 -1
217 2 -1
3514 1854 -1
1854 47 -1
3507 444 -1
3507 444 -1
3118 2195 -1
2195 1346 -1
1217 812 -1
3228 1564 -1
1564 992 -1
3337 658 -1
1970 444 -1
4341 4191 -1
2625 1024 -1
1772 696 -1
2796 2299 -1
2299 1742 -1
4445 4372 -1
4132 3699 -1
3253 544 -1
1668 844 -1
4463 2050 -1
2050 951 -1
2312 2058 -1
4467 2925 -1
4417 3641 -1
3794 3416 -1
3595 2111 -1
2111 1954 -1
1954 1604 -1
2797 2667 -1
3426 2706 -1
2706 1426 -1
1426 1099 -1
1976 1400 -1
4389 3934 -1
3978 3736 -1
3736 3196 -1
3074 2213 -1
2213 1036 -1
3257 3190 -1
3190 2525 -1
4477 3785 -1
3785 3539 -1
3539 3261 -1
635 135 -1
3071 1664 -1
4353 2026 -1
2026 1211 -1
1211 789 -1
4470 4351 -1
3666 3262 -1
3566 3201 -1
3201 2287 -1
3475 3145 -1
3145 2900 -1
2900 2429 -1
3900 3356 -1
3356 2914 -1
4573 4572 -1
3900 3356 -1
3356 2914 -1
1550 818 -1
818 36 -1
4000 1140 -1
1140 302 -1
302 188 -1
3927 3730 -1
4393 4162 -1
3821 3494 -1
3494 3039 -1
3039 943 -1
4044 2913 -1
2913 2832 -1
3984 2114 -1
2114 1320 -1
1320 427 -1
427 106 -1
4696 2073 -1
2073 2059 -1
4358 3071 -1
3071 1664 -1
3743 3502 -1
3502 3474 -1
4470 4351 -1
3954 3888 -1
3888 3558 -1
3558 3100 -1
3852 3826 -1
4397 4180 -1
4403 4178 -1
4397 4180 -1
3647 3119 -1
3119 2456 -1
3353 3019 -1
3019 2265 -1
2265 1669 -1
4738 4503 -1
4266 4245 -1
4393 4162 -1
4734 4594 -1
4594 4568 -1
4039 3622 -1
3622 3245 -1
3329 2782 -1
2782 1981 -1
1981 914 -1
3194 2861 -1
3334 3102 -1
4817 1697 -1
4389 3934 -1
3009 2953 -1
2708 2547 -1
2547 1777 -1
1777 762 -1
762 705 -1
4749 4685 -1
3531 3527 -1
4053 4020 -1
4712 3202 -1
3202 2333 -1
2333 1721 -1
4468 3666 -1
3666 3262 -1
4789 3953 -1
3953 3457 -1
3457 3267 -1
3213 2704 -1
2704 1166 -1
4877 4788 -1
4356 3724 -1
3724 3122 -1
3122 2195 -1
2195 1346 -1
4611 4538 -1
3607 3116 -1
3116 2428 -1
4060 3551 -1
3551 2576 -1
2009 1212 -1
2357 890 -1
4308 4091 -1
274 101 -1
101 73 -1
4767 4657 -1
840 347 -1
347 208 -1
208 101 -1
101 73 -1
4704 4582 -1
4389 3934 -1
1133 1083 -1
3362 3101 -1
3257 3190 -1
3190 2525 -1
4993 4915 -1
3394 2251 -1
2251 733 -1
4856 3548 -1
3038 1020 -1
1020 505 -1
2718 2673 -1
4716 4687 -1
3422 2176 -1
4866 4282 -1
4670 4598 -1
4598 4534 -1
4534 3376 -1
3376 3066 -1
4960 4949 -1
4584 4101 -1
4306 4208 -1
1050 972 -1
4996 4837 -1
4837 4628 -1
4628 3126 -1
3126 1891 -1
4825 2969 -1
2969 2366 -1
2366 702 -1
4870 2005 -1
816 339 -1
3257 3190 -1
3190 2525 -1
1722 1048 -1
4474 2132 -1
2132 1879 -1
4709 4653 -1
4475 4148 -1
4508 4343 -1
4115 4026 -1
4026 3694 -1
1047 838 -1
5170 5067 -1
5067 5035 -1
5109 5069 -1
5069 4920 -1
3522 2866 -1
5181 4968 -1
5067 5035 -1
4849 4185 -1
4185 3763 -1
2626 1849 -1
5115 5074 -1
3668 3072 -1
3360 2767 -1
2767 1015 -1
4816 4372 -1
3388 3081 -1
3081 2344 -1
5046 4372 -1
4888 4848 -1
4709 4653 -1
4997 2760 -1
5213 4745 -1
4672 4483 -1
4483 4459 -1
4459 4319 -1
4319 3678 -1
3678 3216 -1
3216 2676 -1
3898 2846 -1
2846 2258 -1
2258 2184 -1
5072 4907 -1
4168 3999 -1
3999 3735 -1
3735 2955 -1
4032 3658 -1
4690 4095 -1
4095 1813 -1
1813 1687 -1
1687 1164 -1
1164 924 -1
4641 2848 -1
2848 2129 -1
2129 830 -1
5026 4844 -1
4419 4096 -1
1815 1617 -1
3877 3420 -1
1047 838 -1
2845 876 -1
876 850 -1
5308 4278 -1
4278 3434 -1
3434 1931 -1
1931 1308 -1
4611 4538 -1
4955 4833 -1
4833 4604 -1
4012 3977 -1
3977 3853 -1
1563 1189 -1
1189 412 -1
5285 4820 -1
4820 4131 -1
4131 3818 -1
5278 4980 -1
4980 2283 -1
2283 1905 -1
5225 5184 -1
5308 4278 -1
4278 3434 -1
3434 1931 -1
1931 1308 -1
1603 896 -1
5255 5010 -1
5010 4753 -1
5285 4820 -1
4820 4131 -1
4131 3818 -1
5256 4879 -1
4926 3796 -1
3796 3464 -1
3464 3325 -1
4906 4807 -1
4807 4520 -1
4663 4382 -1
5251 5196 -1
4749 4685 -1
3360 2767 -1
2767 1015 -1
4855 3868 -1
3868 3452 -1
4658 4301 -1
4301 3806 -1
4041 3766 -1
5344 4890 -1
5424 5332 -1
5332 4327 -1
4327 4257 -1
5147 4977 -1
4977 4697 -1
4697 4271 -1
4271 4050 -1
4050 3691 -1
2867 2438 -1
5395 5348 -1
5299 5271 -1
5280 4735 -1
4735 4159 -1
4159 3615 -1
4575 4315 -1
4315 3421 -1
3421 3058 -1
3746 2805 -1
4919 4775 -1
4775 4511 -1
5421 5410 -1
5410 5164 -1
5384 5346 -1
5251 5196 -1
2835 2161 -1
2161 1754 -1
5466 2049 -1
2049 1290 -1
2359 775 -1
775 590 -1
5032 4056 -1
4056 2269 -1
1052 752 -1
752 47 -1
5475 1391 -1
1391 233 -1
5459 5354 -1
5354 5291 -1
5480 5269 -1
5269 5047 -1
5047 4691 -1
4691 3295 -1
3295 2166 -1
3397 444 -1
451 229 -1
5365 5347 -1
5222 3961 -1
3961 3239 -1
5275 4979 -1
4979 4634 -1
4634 4177 -1
4039 3622 -1
3622 3245 -1
3745 3450 -1
3450 3198 -1
3198 2915 -1
5468 5466 -1
5466 2049 -1
2049 1290 -1
4466 2359 -1
2359 775 -1
775 590 -1
5407 5158 -1
5158 4835 -1
4835 4532 -1
5455 5153 -1
5153 4749 -1
4749 4685 -1
3344 2517 -1
5322 4931 -1
4931 4865 -1
5509 4553 -1
4553 4376 -1
5484 4376 -1
4752 4649 -1
4640 4388 -1
4388 4260 -1
4260 4127 -1
5318 5198 -1
5198 5017 -1
5516 5119 -1
3156 1806 -1
1806 876 -1
876 850 -1
4977 4697 -1
4697 4271 -1
4271 4050 -1
4050 3691 -1
5230 4366 -1
4366 3723 -1
3723 3563 -1
3563 3545 -1
3545 3431 -1
3431 3146 -1
3635 3016 -1
5353 5304 -1
3894 1591 -1
1591 1385 -1
1385 650 -1
650 150 -1
5330 5224 -1
5148 4900 -1
4900 4725 -1
4725 4602 -1
5021 4581 -1
4581 4515 -1
5455 5153 -1
5153 4749 -1
4749 4685 -1
4393 4162 -1
4160 3084 -1
3084 2778 -1
2778 2596 -1
2596 2205 -1
4239 3225 -1
4921 4886 -1
5519 5333 -1
5333 4995 -1
3484 2501 -1
5573 5214 -1
5214 4809 -1
5499 5494 -1
5534 5503 -1
5189 5150 -1
5580 4251 -1
3246 2020 -1
5142 5026 -1
5026 4844 -1
4705 4419 -1
4419 4096 -1
5599 3790 -1
5080 4094 -1
4094 2390 -1
2390 1467 -1
5537 5474 -1
5474 5442 -1
5442 5368 -1
5368 5205 -1
5205 5124 -1
5124 5066 -1
5066 4925 -1
4925 4183 -1
4183 3590 -1
5535 5420 -1
5420 5162 -1
5162 4713 -1
4713 4576 -1
4576 4244 -1
5343 4744 -1
4744 4160 -1
4160 3084 -1
3084 2778 -1
2778 2596 -1
2596 2205 -1
5192 4298 -1
4298 3510 -1
3510 3147 -1
5248 5117 -1
5117 5009 -1
5009 4927 -1
4927 4640 -1
4640 4388 -1
4388 4260 -1
4260 4127 -1
5212 4548 -1
4548 4429 -1
5595 5571 -1
4621 4453 -1
5187 3283 -1
3283 2219 -1
5433 3442 -1
3442 3086 -1
3130 1522 -1
1522 1178 -1
2129 830 -1
5594 5539 -1
5610 5316 -1
5316 5253 -1
4226 1751 -1
5610 5316 -1
5316 5253 -1
5610 5316 -1
5316 5253 -1
4412 3709 -1
3709 2660 -1
5656 5644 -1
5306 4276 -1
4175 4040 -1
4404 3867 -1
3867 3147 -1
5574 2224 -1
2224 232 -1
5664 5431 -1
3910 650 -1
650 150 -1
5619 5604 -1
5604 5524 -1
5292 5197 -1
4716 4687 -1
3692 3475 -1
3475 3145 -1
3145 2900 -1
2900 2429 -1
5685 5681 -1
5681 5667 -1
2389 1953 -1
1953 1842 -1
644 615 -1
5567 5001 -1
5001 4336 -1
4336 4034 -1
5222 3961 -1
3961 3239 -1
5138 4966 -1
4966 4737 -1
4737 4565 -1
5674 5655 -1
5655 5624 -1
5029 4845 -1
4845 4468 -1
4468 3666 -1
3666 3262 -1
5191 4976 -1
4976 3700 -1
5413 4860 -1
4860 3173 -1
3173 3072 -1
5230 4366 -1
4366 3723 -1
3723 3563 -1
3563 3545 -1
3545 3431 -1
3431 3146 -1
1865 1141 -1
5353 5304 -1
5232 5177 -1
2844 2650 -1
5486 5359 -1
5359 5248 -1
5248 5117 -1
5117 5009 -1
5009 4927 -1
4927 4640 -1
4640 4388 -1
4388 4260 -1
4260 4127 -1
5445 5358 -1
5590 5529 -1
5529 5521 -1
5521 5394 -1
5394 5183 -1
5183 4850 -1
4850 4590 -1
4590 4106 -1
4106 4071 -1
2654 2267 -1
5622 4488 -1
5509 4553 -1
4553 4376 -1
5481 5120 -1
5120 4760 -1
4760 3862 -1
3862 3330 -1
3330 1588 -1
5047 4691 -1
4691 3295 -1
3295 2166 -1
4645 4329 -1
4329 3614 -1
3614 2877 -1
2877 1583 -1
4327 4257 -1
5711 5705 -1
5695 3078 -1
3078 1699 -1
5005 3790 -1
5371 5169 -1
5242 4803 -1
1426 1099 -1
4708 4632 -1
4559 4526 -1
4836 4409 -1
5642 5389 -1
5389 5242 -1
5242 4803 -1
4919 4775 -1
4775 4511 -1
3911 3712 -1
3712 3591 -1
4397 4180 -1
3557 2676 -1
5752 5739 -1
5739 5472 -1
5472 5373 -1
5373 5134 -1
5134 4415 -1
4415 4264 -1
4264 3030 -1
3030 1062 -1
5223 5193 -1
5193 4780 -1
4780 4145 -1
5737 5723 -1
5723 5693 -1
5693 5564 -1
5701 5348 -1
5786 5461 -1
3671 3347 -1
3347 2251 -1
2251 733 -1
5752 5739 -1
5739 5472 -1
5472 5373 -1
5373 5134 -1
5134 4415 -1
4415 4264 -1
4264 3030 -1
3030 1062 -1
3569 3404 -1
5755 5744 -1
5744 4832 -1
4832 3111 -1
3111 2229 -1
2229 1002 -1
1002 639 -1
4608 1697 -1
5336 5045 -1
5045 4914 -1
4914 4607 -1
4607 4296 -1
5818 5583 -1
5583 5169 -1
2134 1648 -1
1648 1107 -1
5818 5583 -1
5583 5169 -1
3358 1104 -1
5475 1391 -1
1391 233 -1
4989 4087 -1
4087 3717 -1
5843 5839 -1
5051 3374 -1
3374 1544 -1
1544 546 -1
5701 5348 -1
3380 2228 -1
2228 1410 -1
5704 5679 -1
5679 5150 -1
4701 3809 -1
3809 3419 -1
5800 5021 -1
5021 4581 -1
4581 4515 -1
5040 4463 -1
4463 2050 -1
2050 951 -1
4726 3260 -1
3260 2358 -1
5020 4804 -1
4804 4784 -1
4784 4281 -1
4993 4915 -1
4170 4037 -1
4037 3255 -1
3255 3035 -1
5833 5810 -1
5464 4655 -1
4655 4584 -1
4584 4101 -1
5847 4741 -1
4741 3376 -1
3376 3066 -1
3172 3037 -1
5558 5231 -1
5231 4617 -1
4617 2917 -1
5266 5028 -1
5028 3024 -1
3024 1524 -1
5859 5617 -1
5617 5207 -1
5207 4950 -1
4950 4517 -1
4825 2969 -1
2969 2366 -1
2366 702 -1
5825 5735 -1
5459 5354 -1
5354 5291 -1
4709 4653 -1
5783 5383 -1
5383 4392 -1
4392 3810 -1
4426 1376 -1
4426 1376 -1
5780 5767 -1
5767 5717 -1
5717 5323 -1
5323 5238 -1
5867 5802 -1
5802 5749 -1
5749 5424 -1
5424 5332 -1
5332 4327 -1
4327 4257 -1
4678 2728 -1
2728 2151 -1
4426 1376 -1
4678 2728 -1
2728 2151 -1
2032 1801 -1
5863 5358 -1
5827 5688 -1
5836 5795 -1
5795 5792 -1
5792 5787 -1
5867 5802 -1
5802 5749 -1
5749 5424 -1
5424 5332 -1
5332 4327 -1
4327 4257 -1
5183 4850 -1
4850 4590 -1
4590 4106 -1
4106 4071 -1
5664 5431 -1
5836 5795 -1
5795 5792 -1
5792 5787 -1
5306 4276 -1
5363 5088 -1
5088 4542 -1
4542 3757 -1
5740 5646 -1
5646 5561 -1
5561 5422 -1
5422 5194 -1
5194 3400 -1
3400 974 -1
3894 1591 -1
1591 1385 -1
1385 650 -1
650 150 -1
5814 5726 -1
5726 5378 -1
4851 3865 -1
3865 3657 -1
5751 5668 -1
5668 5589 -1
5908 5531 -1
5643 5580 -1
5580 4251 -1
5477 5186 -1
5186 5037 -1
5037 4847 -1
4847 3609 -1
5741 5136 -1
5136 4928 -1
3889 2352 -1
2352 884 -1
884 666 -1
5865 5617 -1
5617 5207 -1
5207 4950 -1
4950 4517 -1
5703 5257 -1
5257 5249 -1
5249 4825 -1
4825 2969 -1
2969 2366 -1
2366 702 -1
5923 5914 -1
5914 5828 -1
5828 5702 -1
4893 4357 -1
4357 4334 -1
4334 4331 -1
5251 5196 -1
4827 4715 -1
4715 4705 -1
4705 4419 -1
4419 4096 -1
5925 2239 -1
2239 875 -1
3039 943 -1
5825 5735 -1
5498 5280 -1
5280 4735 -1
4735 4159 -1
4159 3615 -1
5935 5907 -1
5366 4782 -1
4782 1563 -1
1563 1189 -1
1189 412 -1
5943 5938 -1
4883 4710 -1
5781 5732 -1
5732 5587 -1
5437 5085 -1
5852 5781 -1
5781 5732 -1
5732 5587 -1
5829 5261 -1
5261 5085 -1
5493 5327 -1
5327 3379 -1
3379 1351 -1
5958 3240 -1
3240 1608 -1
1608 1055 -1
1055 648 -1
5916 5670 -1
5670 5563 -1
5563 5400 -1
5400 5376 -1
5786 5461 -1
5495 3972 -1
4174 4098 -1
4098 4062 -1
5054 4793 -1
4793 4479 -1
4479 3829 -1
3829 3598 -1
5942 5858 -1
5858 5848 -1
5848 5768 -1
5483 5083 -1
5969 5967 -1
5967 5961 -1
5961 5821 -1
5821 5676 -1
5676 5220 -1
5220 4237 -1
4237 1826 -1
1826 347 -1
347 208 -1
208 101 -1
101 73 -1
5890 5821 -1
5821 5676 -1
5676 5220 -1
5220 4237 -1
4237 1826 -1
1826 347 -1
347 208 -1
208 101 -1
101 73 -1
5525 5420 -1
5420 5162 -1
5162 4713 -1
4713 4576 -1
4576 4244 -1
5969 5967 -1
5967 5961 -1
5961 5821 -1
5821 5676 -1
5676 5220 -1
5220 4237 -1
4237 1826 -1
1826 347 -1
347 208 -1
208 101 -1
101 73 -1
5975 5944 -1
5714 5610 -1
5610 5316 -1
5316 5253 -1
5975 5944 -1
5655 5624 -1
5131 3264 -1
3264 2483 -1
2483 1338 -1
5960 5958 -1
5958 3240 -1
3240 1608 -1
1608 1055 -1
1055 648 -1
5925 2239 -1
2239 875 -1
5958 3240 -1
3240 1608 -1
1608 1055 -1
1055 648 -1
5965 5511 -1
5511 5137 -1
5137 4881 -1
4881 4207 -1
4207 2947 -1
5897 5862 -1
5862 5774 -1
5635 5438 -1
5438 5305 -1
5305 5276 -1
5276 5240 -1
5863 5358 -1
4017 1501 -1
1501 1158 -1
5722 5682 -1
5682 5677 -1
5677 5665 -1
5999 5990 -1
5990 5985 -1
5501 5374 -1
5374 5209 -1
5209 5077 -1
5077 4875 -1
4696 2073 -1
2073 2059 -1
5636 5612 -1
5612 5588 -1
5867 5802 -1
5802 5749 -1
5749 5424 -1
5424 5332 -1
5332 4327 -1
4327 4257 -1
3380 2228 -1
2228 1410 -1
5833 5810 -1
4874 3389 -1
5056 4476 -1
4476 4023 -1
4023 2325 -1
3387 903 -1
903 726 -1
168 42 -1
5824 5542 -1
5542 5488 -1
5488 5252 -1
5252 4842 -1
4842 4352 -1
4868 1704 -1
5955 5400 -1
5400 5376 -1
3643 773 -1
5955 5400 -1
5400 5376 -1
5947 4003 -1
5894 5886 -1
5886 5875 -1
5875 5840 -1
5823 5345 -1
5345 4481 -1
4481 3236 -1
3236 2863 -1
2863 2365 -1
5521 5394 -1
5394 5183 -1
5183 4850 -1
4850 4590 -1
4590 4106 -1
4106 4071 -1
6021 5907 -1
5870 4859 -1
4859 4422 -1
4422 3788 -1
3788 3296 -1
5363 5088 -1
5088 4542 -1
4542 3757 -1
6025 6020 -1
6020 6011 -1
5435 4401 -1
4401 3990 -1
3990 2745 -1
5404 5349 -1
5349 5206 -1
5206 5062 -1
5062 4541 -1
4541 3053 -1
3053 1845 -1
6030 5891 -1
5891 5606 -1
4712 3202 -1
3202 2333 -1
2333 1721 -1
5829 5261 -1
5261 5085 -1
4860 3173 -1
3173 3072 -1
5959 5227 -1
5227 5025 -1
5025 4936 -1
6032 5966 -1
5129 4938 -1
4938 4669 -1
6032 5966 -1
4877 4788 -1
5899 5845 -1
5845 5221 -1
5221 4786 -1
5627 3506 -1
3506 2963 -1
2963 2786 -1
2786 2740 -1
5573 5214 -1
5214 4809 -1
4792 4457 -1
4457 4046 -1
5225 5184 -1
5473 2300 -1
2300 1794 -1
4670 4598 -1
4598 4534 -1
4534 3376 -1
3376 3066 -1
6006 6004 -1
6004 6002 -1
5473 2300 -1
2300 1794 -1
5379 4931 -1
4931 4865 -1
6041 6040 -1
6040 6029 -1
5515 5173 -1
5173 4309 -1
4309 3484 -1
3484 2501 -1
6041 6040 -1
6040 6029 -1
5038 4981 -1
4981 4959 -1
4437 4339 -1
4339 4120 -1
4340 2804 -1
2804 2270 -1
2270 1850 -1
2618 1627 -1
6032 5966 -1
5971 5922 -1
5922 5860 -1
5860 5815 -1
5815 5793 -1
5931 5566 -1
5566 5311 -1
5311 5171 -1
5171 4828 -1
5817 5791 -1
5748 5654 -1
5654 5227 -1
5227 5025 -1
5025 4936 -1
5421 5410 -1
5410 5164 -1
5999 5990 -1
5990 5985 -1
6043 6027 -1
6027 6015 -1
6015 5989 -1
4763 974 -1
6041 6040 -1
6040 6029 -1
5741 5136 -1
5136 4928 -1
6041 6040 -1
6040 6029 -1
5893 5885 -1
5997 5764 -1
5764 5629 -1
5629 5396 -1
5396 5093 -1
5093 4913 -1
5218 4259 -1
5799 3791 -1
3791 3115 -1
5527 5320 -1
5320 5129 -1
5129 4938 -1
4938 4669 -1
6041 6040 -1
6040 6029 -1
5808 5273 -1
5273 3794 -1
3794 3416 -1
5244 3980 -1
3980 3597 -1
3597 2756 -1
6014 5517 -1
5517 5423 -1
5423 4806 -1
4806 4261 -1
4261 4049 -1
5121 5097 -1
5097 4974 -1
4974 4918 -1
4918 4797 -1
4184 2180 -1
6016 5936 -1
5936 5887 -1
5998 5572 -1
5572 5094 -1
5094 4794 -1
4794 4295 -1
4295 3351 -1
3351 3215 -1
3215 2675 -1
5959 5227 -1
5227 5025 -1
5025 4936 -1
5856 4353 -1
4353 2026 -1
2026 1211 -1
1211 789 -1
6064 6063 -1
6063 6062 -1
1 0 1
3 2 1
6 4 1
7 5 1
4 2 1
21 12 1
5 1 1
4 1 1
24 9 1
23 18 1
16 11 1
35 19 1
30 17 1
41 39 1
31 26 1
44 11 1
26 19 1
15 13 1
29 18 1
25 13 1
51 17 1
27 15 1
30 10 1
22 8 1
22 15 1
56 17 1
38 27 1
47 28 1
65 34 1
53 47 1
14 13 1
29 16 1
45 34 1
33 28 1
46 14 1
69 17 1
62 45 1
59 33 1
33 14 1
76 73 1
50 21 1
77 25 1
71 19 1
49 8 1
67 9 1
82 1 1
41 26 1
40 37 1
84 48 1
80 21 1
66 36 1
43 9 1
96 64 1
88 51 1
54 32 1
89 12 1
105 64 1
68 20 1
90 13 1
35 12 1
67 60 1
79 20 1
117 1 1
118 21 1
115 30 1
91 43 1
85 20 1
64 61 1
63 43 1
104 22 1
55 48 1
111 97 1
78 75 1
70 36 1
114 73 1
109 22 1
122 36 1
124 14 1
116 75 1
136 11 1
106 57 1
100 98 1
125 13 1
58 37 1
139 6 1
107 8 1
129 84 1
148 71 1
112 32 1
154 50 1
86 29 1
94 57 1
146 14 1
145 108 1
155 149 1
150 149 1
162 155 1
116 92 1
169 6 1
174 92 1
87 58 1
182 42 1
171 153 1
172 50 1
163 18 1
166 42 1
119 99 1
176 9 1
138 135 1
138 98 1
173 8 1
186 8 1
126 42 1
142 50 1
192 173 1
123 41 1
200 61 1
140 20 1
206 161 1
199 126 1
108 22 1
72 58 1
195 40 1
190 29 1
210 32 1
223 24 1
159 132 1
224 9 1
219 116 1
229 14 1
175 55 1
231 183 1
130 86 1
194 114 1
242 19 1
253 68 1
237 40 1
251 102 1
240 44 1
255 164 1
207 179 1
222 26 1
228 211 1
236 69 1
144 54 1
254 46 1
220 172 1
197 119 1
256 87 1
227 123 1
264 54 1
153 25 1
243 239 1
264 203 1
225 60 1
247 103 1
273 1 1
278 260 1
241 233 1
260 110 1
252 63 1
133 40 1
288 228 1
258 110 1
225 153 1
102 66 1
271 130 1
283 238 1
269 132 1
305 211 1
259 116 1
180 151 1
160 72 1
294 93 1
279 58 1
305 262 1
310 48 1
309 159 1
317 48 1
276 152 1
246 137 1
185 134 1
196 177 1
278 81 1
308 103 1
296 213 1
138 61 1
220 23 1
321 86 1
198 161 1
334 198 1
282 115 1
232 42 1
300 186 1
283 241 1
336 324 1
315 37 1
341 20 1
261 181 1
342 55 1
289 70 1
322 109 1
348 31 1
339 184 1
266 211 1
340 221 1
328 86 1
353 350 1
345 8 1
349 121 1
359 333 1
312 151 1
286 158 1
329 234 1
201 177 1
290 37 1
355 238 1
360 258 1
369 93 1
367 245 1
343 78 1
298 108 1
326 268 1
338 308 1
287 165 1
318 265 1
193 165 1
383 371 1
265 64 1
308 268 1
379 120 1
179 149 1
241 96 1
378 266 1
293 34 1
389 297 1
323 234 1
380 245 1
373 183 1
335 107 1
374 16 1
397 26 1
336 167 1
372 181 1
403 37 1
401 358 1
352 40 1
383 197 1
386 237 1
319 12 1
331 199 1
370 281 1
370 180 1
333 17 1
388 72 1
398 355 1
313 293 1
295 167 1
423 291 1
297 137 1
390 314 1
408 35 1
330 72 1
281 57 1
364 322 1
363 160 1
412 334 1
418 201 1
385 295 1
343 108 1
326 196 1
447 346 1
439 93 1
250 121 1
441 163 1
446 395 1
346 296 1
453 55 1
366 201 1
407 327 1
448 350 1
285 265 1
452 39 1
416 340 1
459 410 1
431 297 1
450 440 1
454 177 1
463 63 1
426 49 1
460 343 1
411 63 1
468 33 1
465 265 1
428 384 1
425 297 1
395 34 1
263 164 1
323 188 1
471 170 1
457 344 1
358 261 1
392 164 1
478 456 1
479 112 1
440 410 1
415 159 1
400 31 1
486 240 1
491 282 1
362 290 1
438 382 1
476 291 1
489 235 1
458 417 1
422 312 1
391 250 1
405 257 1
392 291 1
512 345 1
514 294 1
382 263 1
396 272 1
508 272 1
364 213 1
444 105 1
501 324 1
409 272 1
366 221 1
485 478 1
525 251 1
527 294 1
526 309 1
531 251 1
504 368 1
492 434 1
537 524 1
530 247 1
432 97 1
487 206 1
433 304 1
519 133 1
455 170 1
520 58 1
476 435 1
505 306 1
542 360 1
483 357 1
551 456 1
535 469 1
490 297 1
558 344 1
467 161 1
470 314 1
170 112 1
547 329 1
555 457 1
399 250 1
504 500 1
535 499 1
413 396 1
561 488 1
502 313 1
577 261 1
584 263 1
458 438 1
586 570 1
405 161 1
589 314 1
376 144 1
484 413 1
583 231 1
445 196 1
601 107 1
534 62 1
612 489 1
613 432 1
528 435 1
603 399 1
615 579 1
482 298 1
616 164 1
516 416 1
544 318 1
609 194 1
422 236 1
591 504 1
590 246 1
625 121 1
410 365 1
626 370 1
581 537 1
495 438 1
621 231 1
529 167 1
639 137 1
493 327 1
630 474 1
646 482 1
618 314 1
649 449 1
554 495 1
643 640 1
557 193 1
656 608 1
550 365 1
628 287 1
651 272 1
598 103 1
579 506 1
662 281 1
594 335 1
623 344 1
675 661 1
588 257 1
474 411 1
670 485 1
671 359 1
614 152 1
692 639 1
585 390 1
539 528 1
679 449 1
516 80 1
580 516 1
490 432 1
690 675 1
665 443 1
550 541 1
594 497 1
567 461 1
693 565 1
645 177 1
722 272 1
718 525 1
733 575 1
643 293 1
750 586 1
696 130 1
705 488 1
724 674 1
666 576 1
675 672 1
749 330 1
731 641 1
523 376 1
502 257 1
737 271 1
729 497 1
669 415 1
720 580 1
766 572 1
631 286 1
654 407 1
763 390 1
652 177 1
726 243 1
712 170 1
660 502 1
774 669 1
754 344 1
783 748 1
790 700 1
788 88 1
732 601 1
595 573 1
780 560 1
657 110 1
803 92 1
387 263 1
768 449 1
553 405 1
703 221 1
556 376 1
602 474 1
761 365 1
799 455 1
777 757 1
694 566 1
805 310 1
797 738 1
724 702 1
734 488 1
731 600 1
791 528 1
765 573 1
819 534 1
824 597 1
571 399 1
830 586 1
833 372 1
797 753 1
683 93 1
676 188 1
822 350 1
813 493 1
744 702 1
837 100 1
806 657 1
792 306 1
784 450 1
808 708 1
796 373 1
802 654 1
845 757 1
686 498 1
691 537 1
716 557 1
739 683 1
787 678 1
631 585 1
857 536 1
845 638 1
767 581 1
857 507 1
613 563 1
778 697 1
855 277 1
688 569 1
781 93 1
850 387 1
773 356 1
867 700 1
866 801 1
782 706 1
776 498 1
870 341 1
783 555 1
873 323 1
812 741 1
704 407 1
697 523 1
785 365 1
673 637 1
825 742 1
682 595 1
842 765 1
547 306 1
886 835 1
879 825 1
844 357 1
723 509 1
565 498 1
891 801 1
689 130 1
888 654 1
793 306 1
899 868 1
885 642 1
851 591 1
892 304 1
862 495 1
826 608 1
709 131 1
859 421 1
587 569 1
883 571 1
907 512 1
902 741 1
887 435 1
846 681 1
901 858 1
908 683 1
786 760 1
784 637 1
923 463 1
909 62 1
890 461 1
927 729 1
812 653 1
928 567 1
895 728 1
882 62 1
932 188 1
829 152 1
900 158 1
941 698 1
911 893 1
776 694 1
892 711 1
945 255 1
624 434 1
794 571 1
925 648 1
708 506 1
815 714 1
922 727 1
918 708 1
732 190 1
809 493 1
874 566 1
746 638 1
961 542 1
914 895 1
906 625 1
969 706 1
955 522 1
973 774 1
756 556 1
789 673 1
926 599 1
658 483 1
642 560 1
965 159 1
976 595 1
901 817 1
719 264 1
936 382 1
975 602 1
978 357 1
948 750 1
986 580 1
974 262 1
878 641 1
983 800 1
967 327 1
772 655 1
723 704 1
916 715 1
753 745 1
803 721 1
875 530 1
982 599 1
987 944 1
959 615 1
894 288 1
757 727 1
813 682 1
991 655 1
972 567 1
880 738 1
1003 132 1
998 478 1
834 786 1
937 744 1
1004 786 1
1006 445 1
931 327 1
1014 355 1
915 860 1
867 779 1
700 691 1
912 658 1
963 188 1
951 714 1
1029 421 1
953 782 1
570 494 1
872 698 1
919 839 1
878 828 1
1037 554 1
980 917 1
769 641 1
1030 921 1
1018 1007 1
869 701 1
980 924 1
1057 1021 1
1016 940 1
1041 966 1
938 806 1
1019 1018 1
1024 781 1
1009 964 1
1063 958 1
1028 746 1
1067 808 1
979 800 1
1068 1004 1
1064 304 1
944 276 1
864 600 1
1041 993 1
1078 913 1
939 784 1
1066 541 1
1081 1018 1
1032 637 1
1031 930 1
1079 780 1
1078 872 1
985 546 1
1082 624 1
1095 744 1
1009 455 1
992 985 1
1098 987 1
1104 385 1
1105 1060 1
1013 881 1
947 711 1
1048 913 1
624 569 1
1108 198 1
1093 304 1
1035 947 1
1076 470 1
771 655 1
1099 744 1
1059 658 1
990 834 1
1136 573 1
745 565 1
1128 1075 1
1070 800 1
807 801 1
1137 642 1
1015 919 1
896 852 1
1045 1008 1
1087 781 1
947 864 1
1151 689 1
1121 498 1
1153 995 1
1154 161 1
1133 790 1
1007 711 1
1141 598 1
962 501 1
1159 715 1
1116 506 1
1102 1097 1
1166 863 1
1103 973 1
1028 881 1
1047 507 1
1148 398 1
1175 997 1
1173 913 1
1168 269 1
905 484 1
1180 1177 1
863 771 1
1192 1180 1
1191 938 1
1096 541 1
1149 1126 1
1150 1090 1
1178 1109 1
1195 956 1
1202 748 1
1152 930 1
1209 769 1
1210 896 1
1215 1177 1
1186 1177 1
994 455 1
1184 908 1
1016 953 1
1198 1125 1
1053 712 1
1128 1025 1
1163 1097 1
1134 166 1
1231 1196 1
1220 772 1
1171 1010 1
1233 378 1
1230 1146 1
1213 1149 1
1238 433 1
1162 902 1
1243 1195 1
1183 243 1
1203 860 1
1254 461 1
1255 977 1
1249 1226 1
1202 1165 1
1129 956 1
1274 859 1
1208 870 1
1277 569 1
1279 272 1
1245 693 1
1258 1077 1
1246 181 1
1188 628 1
1172 488 1
919 697 1
1190 566 1
1221 466 1
1107 501 1
1270 1265 1
1294 602 1
1305 175 1
1289 1109 1
1057 277 1
1036 997 1
1213 721 1
951 835 1
1167 1008 1
1264 1165 1
1224 715 1
1257 807 1
1117 807 1
1062 489 1
1307 778 1
1233 1105 1
1063 902 1
1224 1124 1
1199 922 1
1280 925 1
1156 1010 1
993 709 1
1027 943 1
1319 1047 1
1290 432 1
1291 1224 1
1010 977 1
1239 665 1
1318 970 1
1303 560 1
1228 1027 1
1118 1019 1
1287 911 1
1256 656 1
1284 791 1
1338 365 1
1080 565 1
1285 1146 1
1286 268 1
1315 1205 1
1222 874 1
1262 1062 1
1300 1299 1
1326 114 1
1348 805 1
1317 1272 1
1231 996 1
1250 691 1
1356 1325 1
1236 445 1
1342 561 1
1341 1045 1
968 648 1
1302 1090 1
1234 978 1
1364 1163 1
1293 1080 1
1333 771 1
1234 981 1
1268 1200 1
1353 483 1
1138 694 1
1388 628 1
1000 376 1
1257 1005 1
1357 1158 1
1253 937 1
1266 638 1
1349 1267 1
1359 1186 1
1403 1339 1
1147 1102 1
1308 983 1
1377 742 1
1390 1262 1
1401 1328 1
1248 1151 1
1405 1188 1
1413 642 1
1399 1375 1
1411 839 1
1327 1124 1
1092 1021 1
1383 1239 1
1410 1145 1
1334 1296 1
1417 694 1
1157 1072 1
1424 1070 1
1434 977 1
1406 1395 1
1301 1270 1
1394 1089 1
1436 925 1
1196 963 1
1442 893 1
1304 302 1
1403 1227 1
1435 1125 1
1378 1376 1
1384 1203 1
1446 916 1
1346 1249 1
1302 1272 1
1350 787 1
1373 1067 1
1444 1346 1
1363 1350 1
1448 887 1
1159 1084 1
1445 1033 1
1459 919 1
1460 1453 1
1351 1008 1
1458 1368 1
1439 612 1
1422 985 1
1447 1421 1
1423 953 1
1432 1111 1
1389 720 1
1469 1346 1
1367 1318 1
1394 494 1
1407 1215 1
1477 1102 1
1437 928 1
1379 966 1
1415 706 1
1468 1339 1
1204 243 1
1347 881 1
1414 969 1
1399 1237 1
1438 1042 1
1268 1221 1
1197 1111 1
1306 939 1
1443 874 1
1447 1260 1
1495 199 1
1502 1301 1
1432 958 1
1421 1342 1
1406 536 1
1507 160 1
1212 1133 1
1269 994 1
1513 160 1
1514 1258 1
1376 1356 1
970 880 1
1460 1418 1
1451 687 1
1499 1374 1
1452 1283 1
1528 1218 1
1264 1226 1
1278 801 1
1198 425 1
1161 1120 1
1261 1090 1
1375 997 1
1174 416 1
1258 800 1
1373 1345 1
1458 1371 1
1492 1253 1
1538 1278 1
1548 1508 1
1473 1138 1
1490 1218 1
1457 715 1
1260 1124 1
1369 1327 1
1516 1500 1
1543 959 1
1549 1341 1
1516 941 1
1555 599 1
1524 653 1
1565 1506 1
1568 944 1
1569 1477 1
1504 722 1
1270 911 1
1449 1111 1
1527 470 1
1547 642 1
1500 1152 1
1576 1492 1
1578 1157 1
1475 1268 1
1441 665 1
1476 1145 1
1483 1400 1
1488 1473 1
1475 930 1
1483 1352 1
1515 401 1
1596 1118 1
1486 1065 1
1583 500 1
1560 1347 1
1421 1404 1
1600 400 1
1588 879 1
1503 782 1
1471 1352 1
1382 1115 1
1616 1392 1
1546 1174 1
1577 1150 1
1464 1084 1
1607 1570 1
1579 979 1
1387 1191 1
1157 982 1
1614 870 1
1579 1545 1
1613 1236 1
1472 1025 1
1592 665 1
1420 1227 1
1610 1436 1
1557 1433 1
1353 1184 1
1484 977 1
1561 1468 1
1343 1330 1
1566 1561 1
1644 1494 1
1598 745 1
1511 1042 1
1647 1511 1
1655 1390 1
1427 688 1
1664 1204 1
1661 1506 1
1599 1415 1
1488 1420 1
1559 1287 1
1609 1171 1
1670 1171 1
1465 1212 1
1546 1523 1
1587 1463 1
1557 922 1
1345 1206 1
1640 1222 1
1631 1510 1
1651 373 1
1654 1228 1
1602 995 1
1640 1630 1
1654 684 1
1496 1350 1
1662 1116 1
1645 1581 1
1633 1300 1
1681 1274 1
1653 1358 1
1697 990 1
1701 653 1
1430 992 1
1704 1663 1
1451 1030 1
1678 1642 1
1590 1028 1
1572 1455 1
1526 1409 1
1724 1080 1
1707 1382 1
1601 1505 1
1690 968 1
1650 1347 1
1667 1526 1
1727 1117 1
1261 860 1
1565 1310 1
1630 1593 1
1638 1317 1
1225 1198 1
1745 1717 1
1604 1285 1
1753 1174 1
1597 1092 1
1749 742 1
1736 1530 1
1637 1424 1
1669 1474 1
1658 1486 1
1751 573 1
1547 1530 1
1467 1289 1
1763 1482 1
1357 883 1
1721 1144 1
1482 1297 1
1585 1284 1
1731 1649 1
1665 652 1
1754 1256 1
1742 1029 1
1474 1045 1
1593 1518 1
1738 1559 1
1790 1349 1
1788 975 1
1680 1542 1
1787 1393 1
1792 1474 1
1499 1487 1
1764 330 1
1746 1367 1
1775 1615 1
1761 1259 1
1686 777 1
1767 1683 1
1747 1601 1
1794 1284 1
1783 1457 1
1789 817 1
1521 1510 1
1815 245 1
1519 1400 1
1540 796 1
1814 955 1
1726 1384 1
1315 1048 1
1802 1216 1
1743 1721 1
1796 1225 1
1769 1642 1
1735 1501 1
1739 1300 1
1639 1597 1
1712 1358 1
1820 1645 1
1632 1581 1
1699 815 1
1775 1618 1
1689 1490 1
1752 1520 1
1296 771 1
1691 1265 1
1517 1199 1
1283 170 1
1845 1548 1
1741 945 1
1512 1400 1
1709 1680 1
1584 915 1
1798 1230 1
1776 1607 1
1710 1357 1
1762 1513 1
1750 638 1
1852 1452 1
1841 1760 1
1840 1104 1
1812 1517 1
1785 421 1
997 526 1
1739 651 1
1684 1542 1
1862 1658 1
1805 1758 1
1860 1409 1
1297 758 1
1875 1752 1
1881 1576 1
1666 1623 1
1358 1105 1
1891 1378 1
1889 1707 1
1858 1491 1
1887 1167 1
1886 1439 1
1723 1549 1
1843 1119 1
1759 1593 1
1849 1572 1
1804 1092 1
1896 1529 1
1869 1532 1
1902 1359 1
1879 1524 1
1917 1383 1
1609 1530 1
1900 1621 1
1892 1710 1
1829 1549 1
1906 1765 1
1922 1139 1
1827 1505 1
1926 1389 1
1927 433 1
1925 1666 1
1930 1872 1
1673 1349 1
1723 1498 1
1928 1665 1
1919 1848 1
1937 1802 1
1894 492 1
1850 1616 1
1935 1902 1
1820 1765 1
1933 1532 1
1885 1816 1
1905 1748 1
1944 1641 1
1948 1522 1
1946 1857 1
1812 1726 1
1926 1779 1
1425 980 1
1918 843 1
1877 1405 1
1960 1810 1
1884 1536 1
1849 1709 1
1763 1471 1
1869 1678 1
1823 1531 1
1767 1491 1
1716 1084 1
1952 1505 1
1974 1443 1
1972 1330 1
1913 1520 1
1978 113 1
1965 1769 1
1834 529 1
1975 1737 1
1983 1437 1
1973 1749 1
1993 795 1
1986 1383 1
2001 1667 1
2002 1570 1
1758 546 1
1916 1642 1
2005 434 1
1959 1596 1
1782 1718 1
1966 528 1
2004 1464 1
1748 1377 1
2012 734 1
1961 1875 1
2008 1836 1
2017 1257 1
1940 245 1
1836 1716 1
1901 1647 1
2020 1392 1
1691 1496 1
1980 1750 1
2030 1716 1
2007 1543 1
2037 1952 1
2022 1349 1
1857 994 1
1757 1521 1
2046 614 1
1987 1853 1
2027 1838 1
1580 1439 1
2039 1776 1
1967 1737 1
2055 1577 1
2047 858 1
2043 442 1
2042 1053 1
1998 1499 1
1979 1012 1
1947 1662 1
1713 1531 1
1713 1138 1
1987 542 1
2072 1971 1
2059 1155 1
2080 2077 1
2085 1201 1
2037 1941 1
1717 99 1
1951 1839 1
2055 2006 1
1779 1330 1
2008 1103 1
2077 831 1
1961 1877 1
2075 2057 1
2078 1627 1
1937 1809 1
1702 1639 1
2062 1417 1
2094 1884 1
1827 1623 1
2084 2054 1
2034 1803 1
2092 2014 1
2083 2043 1
1925 1825 1
2040 1578 1
2102 1842 1
2101 1532 1
1947 1938 1
2081 1839 1
2109 1693 1
2058 1913 1
1607 1115 1
2116 1587 1
2041 1770 1
2122 1841 1
2015 1863 1
1985 1804 1
2131 1484 1
2106 1997 1
1839 959 1
2149 1961 1
2128 2058 1
2013 1471 1
2067 2051 1
2035 1811 1
1661 997 1
2136 2033 1
2098 1531 1
1943 1686 1
2156 2057 1
2044 1387 1
2065 1760 1
2066 1944 1
1510 1364 1
2169 1871 1
2123 1993 1
2133 1909 1
2166 1909 1
2093 674 1
2174 1796 1
2164 1042 1
2135 2113 1
2138 1269 1
2183 1601 1
1991 1598 1
2177 2104 1
2158 1999 1
1791 1009 1
2180 2047 1
2031 1026 1
2069 1803 1
2159 1898 1
2084 1945 1
2088 2040 1
2045 1979 1
2205 2048 1
2170 1450 1
2128 2071 1
2152 1908 1
2201 1690 1
1930 779 1
2211 1975 1
2067 1997 1
2203 1082 1
2165 1042 1
2142 1430 1
2192 1422 1
2214 1934 1
2175 1502 1
2063 1770 1
2210 2179 1
2079 1146 1
2141 1774 1
2172 2034 1
2236 1943 1
2238 2099 1
2136 2054 1
2190 1872 1
2176 1512 1
949 680 1
2184 1816 1
2139 1838 1
2243 1614 1
2083 1280 1
2267 2081 1
2170 1995 1
1979 1677 1
2266 1269 1
2202 1519 1
2230 1912 1
1900 1817 1
2278 2236 1
1255 1239 1
2227 421 1
2287 1246 1
2107 1934 1
2219 1853 1
2217 1761 1
2289 2202 1
2232 2072 1
2253 1445 1
2282 1540 1
2146 2071 1
2172 2027 1
2186 2104 1
2284 1256 1
1521 1218 1
2311 2188 1
2298 1051 1
2280 2054 1
2296 2172 1
2074 1334 1
2218 2155 1
2151 1819 1
2244 1997 1
2068 1036 1
2317 1735 1
2322 2061 1
2313 2221 1
1916 1892 1
2060 1602 1
2293 2112 1
2190 1803 1
2182 1520 1
2324 1403 1
2339 2096 1
2135 1959 1
2194 967 1
2025 580 1
1759 1633 1
2332 1912 1
2186 1967 1
2215 2183 1
1817 1308 1
2271 2268 1
2323 1279 1
2295 1728 1
2353 1770 1
2308 1971 1
2363 386 1
2174 1887 1
2212 1788 1
2364 1712 1
2367 1504 1
2292 2045 1
2291 1512 1
2288 2200 1
2354 2271 1
2313 1526 1
2171 1873 1
2246 1418 1
2272 1994 1
2279 1427 1
2215 2200 1
2377 1586 1
2048 2019 1
2269 1147 1
2056 1964 1
2316 1605 1
2188 2014 1
2325 1764 1
2145 2056 1
2096 60 1
2372 1796 1
2351 386 1
238 217 1
2221 1844 1
2179 1484 1
2127 1950 1
2340 2215 1
2318 2250 1
1977 1197 1
2401 2277 1
2225 1912 1
2225 2168 1
2354 2282 1
2404 1805 1
2405 1811 1
2105 1906 1
2411 2222 1
2315 1015 1
2395 2340 1
2342 1536 1
2418 2232 1
2413 2345 1
2421 1964 1
2410 2202 1
2426 1728 1
2379 2156 1
2392 2253 1
2342 2252 1
2208 1698 1
2139 1702 1
2371 2177 1
2335 2151 1
2394 2090 1
2425 2396 1
1908 921 1
2408 2303 1
2428 1945 1
2016 1796 1
2414 2148 1
2014 1293 1
2245 2086 1
2381 688 1
2440 1702 1
2438 2199 1
2387 2210 1
2420 2209 1
2451 1311 1
2450 2088 1
2411 2257 1
2371 2288 1
2252 1615 1
2456 183 1
1748 1098 1
2391 793 1
2422 1929 1
2466 1479 1
2466 1719 1
2432 2345 1
2446 2314 1
2417 2106 1
2467 1885 1
2453 2182 1
2465 2024 1
2365 2112 1
2155 1920 1
2439 2278 1
1858 1198 1
2348 1705 1
2442 2318 1
2410 2303 1
2457 2104 1
2461 2063 1
2302 1711 1
2429 2286 1
2490 2065 1
2386 2024 1
2498 1834 1
2349 1732 1
1934 1703 1
2314 1632 1
2472 1944 1
2490 2447 1
2427 2033 1
2268 2154 1
2511 1919 1
1478 1317 1
2485 2107 1
2116 1932 1
2304 1816 1
2509 2485 1
2478 1688 1
2454 2420 1
2327 1848 1
2504 1103 1
2376 966 1
2520 1984 1
2524 2141 1
2499 2246 1
2530 1454 1
2356 1991 1
2503 2033 1
2531 2197 1
2150 2038 1
2519 2463 1
2536 1792 1
2535 2386 1
2512 2413 1
2010 1387 1
2458 2184 1
2529 1031 1
2502 2015 1
2543 1464 1
2472 2455 1
2559 1728 1
2565 1904 1
2442 2307 1
2537 2447 1
2488 1703 1
2573 1487 1
2551 2396 1
2358 2032 1
2487 1901 1
2452 768 1
2551 1738 1
2570 1493 1
2024 1581 1
2537 2522 1
2189 1246 1
2481 2277 1
2566 2192 1
2581 2465 1
2561 2455 1
2365 2150 1
2444 1823 1
2552 2317 1
2209 1901 1
2578 1569 1
2598 1136 1
2159 1677 1
2612 2214 1
2171 1898 1
2546 2327 1
2086 1705 1
2583 2498 1
2616 187 1
2608 1532 1
2401 2188 1
2609 2307 1
2620 1538 1
2508 2167 1
2595 2102 1
2612 2566 1
2501 1487 1
2576 1746 1
2505 2189 1
2236 1994 1
2589 1979 1
2614 2225 1
2607 2007 1
2624 2454 1
2584 2516 1
2615 2588 1
2607 2146 1
2632 1068 1
2508 2500 1
2638 2035 1
2643 1713 1
2642 2146 1
2647 2029 1
2634 2243 1
2650 2356 1
1848 1122 1
2379 2344 1
2591 2560 1
2656 2286 1
2640 2512 1
2517 2408 1
2660 1491 1
2435 2377 1
2563 2127 1
2470 179 1
2648 1922 1
2606 1929 1
2641 2508 1
2376 2029 1
2637 2405 1
2652 2038 1
2542 1929 1
2675 2302 1
2522 2257 1
2676 1935 1
2672 1728 1
2562 797 1
2452 2295 1
2546 2015 1
2557 2532 1
2582 2557 1
2689 2468 1
1994 1765 1
2665 2383 1
2493 1899 1
2563 2062 1
2588 2252 1
2461 2208 1
2628 2419 1
2701 2500 1
2671 2542 1
2659 1481 1
2516 1737 1
2635 2302 1
2707 2243 1
2322 1348 1
2667 2279 1
2678 2561 1
2690 2187 1
2497 1632 1
2441 1585 1
2720 2715 1
2648 2610 1
2722 2419 1
2657 2378 1
2724 2307 1
2700 2117 1
2705 2281 1
2506 2453 1
2286 1418 1
2736 2063 1
2737 560 1
2714 1315 1
2742 2695 1
2533 2175 1
2349 2075 1
2744 2724 1
2740 2187 1
2726 2624 1
2709 1795 1
2758 1446 1
2721 2433 1
2755 2433 1
2756 2217 1
2745 1145 1
2597 2567 1
2759 2567 1
2771 2553 1
2760 2673 1
2679 1995 1
2720 2139 1
2775 2223 1
2589 2412 1
2761 608 1
2735 2361 1
2765 2122 1
2788 839 1
2770 2567 1
2785 2434 1
2757 2582 1
2806 2610 1
2735 2500 1
2746 2614 1
2815 1951 1
2805 2754 1
2754 1427 1
2791 2719 1
2808 2548 1
2748 2650 1
2726 2702 1
2809 2484 1
2823 2419 1
2712 2070 1
2832 1602 1
2833 2496 1
2827 2434 1
2823 2757 1
2850 2662 1
2727 2412 1
2826 2514 1
2859 2813 1
2793 2730 1
2685 2511 1
2781 2702 1
2856 2773 1
2772 2574 1
2874 2506 1
2853 2187 1
2847 2682 1
2678 2414 1
2822 2439 1
2840 2078 1
2851 674 1
2893 2818 1
2730 2722 1
2748 2631 1
2897 2628 1
2882 2323 1
2871 1568 1
2901 1315 1
2903 1762 1
2890 2400 1
2881 2756 1
2791 2765 1
2734 1728 1
2860 2603 1
2873 2640 1
2746 2552 1
2820 2718 1
2876 2414 1
2899 2813 1
2743 1576 1
2742 2646 1
2910 1881 1
2911 2597 1
2917 1190 1
2809 2497 1
2860 1831 1
2919 2394 1
2893 2871 1
2886 2791 1
2927 2606 1
2930 1519 1
2935 2244 1
2125 1593 1
2896 2212 1
2944 2675 1
2953 2800 1
2640 779 1
2973 2218 1
2920 2492 1
2955 2761 1
2967 2666 1
2749 2591 1
2915 2780 1
2652 2644 1
2861 2238 1
2976 2931 1
2892 45 1
2970 2549 1
2921 2584 1
2985 2382 1
2989 1579 1
2946 2938 1
2987 2793 1
2914 2800 1
2994 2497 1
2445 2019 1
2902 2427 1
2939 2476 1
2983 1863 1
2992 2905 1
2988 2698 1
2968 2923 1
2977 2772 1
2974 2548 1
2866 2250 1
3010 2899 1
2937 1384 1
2999 2875 1
3021 2535 1
2924 2171 1
2998 2919 1
3004 2984 1
3023 2543 1
2965 2743 1
3017 2820 1
2987 2885 1
2986 1404 1
2389 292 1
2975 2827 1
3044 900 1
3037 2574 1
2755 1705 1
3035 2169 1
2885 2725 1
2996 2682 1
3051 2651 1
2923 871 1
3052 2554 1
2946 1898 1
3062 2806 1
3014 2925 1
3066 3000 1
2807 2491 1
3020 2764 1
3073 2626 1
3010 2123 1
3067 2921 1
3088 3042 1
2971 2875 1
2943 2105 1
3008 2931 1
3101 2353 1
3054 3042 1
3085 2870 1
2526 1465 1
3016 2463 1
3013 2781 1
3041 3017 1
3105 2998 1
3100 2847 1
3045 2894 1
2991 2956 1
2972 2842 1
3124 2010 1
2922 2015 1
3115 1155 1
3100 2984 1
3091 3011 1
2932 2525 1
2948 2889 1
2905 2695 1
3121 3058 1
3139 2450 1
3070 2968 1
3120 2828 1
3061 1150 1
3149 2858 1
3151 2397 1
3082 3057 1
3089 2980 1
3143 2789 1
3121 2749 1
3093 1761 1
3138 2673 1
3163 2777 1
3136 2843 1
3141 2985 1
3140 2991 1
2644 2358 1
3085 3009 1
2926 1396 1
3132 3041 1
3169 2943 1
3153 2714 1
3146 2548 1
3161 755 1
3176 2417 1
3177 2723 1
3175 2790 1
3048 2976 1
3132 2885 1
3128 2727 1
3166 3079 1
2560 2271 1
3042 2870 1
3144 3087 1
3063 2706 1
3032 2932 1
3175 2532 1
3181 257 1
3036 2850 1
3188 2970 1
3166 2808 1
3140 3087 1
3183 3096 1
3208 3168 1
3102 2926 1
3008 2631 1
3210 2833 1
3209 3168 1
3203 3052 1
3208 3207 1
3218 2910 1
3199 3036 1
3223 2725 1
3179 3080 1
3219 2399 1
3080 1199 1
3225 2567 1
3196 2445 1
3234 2885 1
3241 2889 1
3226 3214 1
3073 3054 1
3244 3170 1
3076 2971 1
3250 3070 1
3220 2364 1
3224 3079 1
3245 2662 1
3222 3200 1
3008 2856 1
3230 2819 1
3251 3173 1
3091 2858 1
3266 2519 1
3232 3136 1
3269 3079 1
3262 2511 1
3271 964 1
2947 518 1
3272 3176 1
3270 2946 1
3278 3147 1
3277 2291 1
3077 3004 1
3275 2980 1
3286 3275 1
3296 2774 1
3263 2992 1
3265 3027 1
2951 1545 1
2967 501 1
3309 3301 1
3258 3249 1
3226 1124 1
3316 3057 1
3317 1847 1
3239 3209 1
3299 2450 1
3291 3285 1
3326 3044 1
3261 849 1
3219 2862 1
3326 2431 1
3328 2935 1
3279 2422 1
3333 2017 1
3312 3143 1
3323 3089 1
3310 2450 1
3320 3231 1
3364 2977 1
3313 3189 1
3300 2819 1
3339 2441 1
3318 3105 1
3325 3242 1
3349 3301 1
3321 3210 1
3375 3205 1
3342 3304 1
3322 2034 1
3352 2525 1
3382 3207 1
3345 3272 1
3086 3082 1
3395 3243 1
3268 2859 1
3390 2901 1
3405 2218 1
3359 3291 1
3389 2948 1
3186 2895 1
3373 3000 1
3408 518 1
3382 3278 1
3423 3410 1
3267 3227 1
3424 3306 1
3406 3313 1
3372 3345 1
3276 1140 1
3429 3057 1
3390 2130 1
3395 3250 1
3433 2517 1
3364 3320 1
3453 3244 1
3369 1704 1
3438 3342 1
3456 3359 1
3419 3242 1
3455 2659 1
3388 3383 1
3460 3131 1
3432 3029 1
3343 3256 1
3443 3258 1
3463 3062 1
3424 3241 1
3472 2136 1
3453 3312 1
3478 3333 1
3399 1889 1
3467 3134 1
3483 3321 1
3488 3406 1
3449 3076 1
3471 3318 1
3492 3410 1
3412 2973 1
3485 3220 1
3192 3090 1
3489 3361 1
3420 2065 1
3448 1519 1
3425 2918 1
3505 3349 1
3508 3500 1
3515 3265 1
3256 717 1
3521 3249 1
3416 1741 1
3524 2647 1
3523 3456 1
3535 3323 1
3481 3297 1
3419 3411 1
3368 2889 1
3544 3319 1
3555 3535 1
3527 3448 1
3440 3312 1
3561 3559 1
3562 3532 1
3461 3410 1
3570 3138 1
3491 3479 1
3564 2435 1
3367 3239 1
3565 3451 1
3583 2644 1
3572 3409 1
3576 3561 1
3580 3549 1
3573 3372 1
3587 3565 1
3580 3559 1
3489 3488 1
3540 3288 1
3586 3308 1
3377 2960 1
3590 3411 1
3552 3201 1
3586 3301 1
3591 3492 1
3598 3497 1
3574 3021 1
3588 3548 1
3602 3491 1
3610 2736 1
3601 3352 1
3533 3532 1
3616 3128 1
3549 3205 1
3609 3500 1
3585 3128 1
3619 2727 1
3605 3412 1
3625 3048 1
3626 3319 1
3605 3414 1
3634 3192 1
3615 3528 1
3640 3612 1
3604 3518 1
3561 3511 1
3528 3526 1
3446 2575 1
3512 3011 1
3630 3316 1
3640 2971 1
3658 3432 1
3669 3661 1
3639 3481 1
3587 3509 1
3487 2308 1
3661 3427 1
3650 3508 1
3642 3055 1
3674 3276 1
3634 3533 1
3281 2667 1
3677 3449 1
3665 3642 1
3639 3604 1
3683 3657 1
3672 3663 1
3663 3357 1
3688 3169 1
3697 3682 1
3633 3613 1
3674 3588 1
3698 3684 1
3686 3632 1
3701 3625 1
3702 2972 1
3707 3338 1
3697 3656 1
3641 2670 1
3718 3682 1
3569 1627 1
3699 3339 1
3708 3415 1
3700 2659 1
3721 2114 1
3737 3589 1
3722 3443 1
3730 3633 1
3603 3327 1
3725 3521 1
3739 2897 1
3710 3298 1
3732 3593 1
3528 3238 1
3747 3720 1
3684 3621 1
3694 3577 1
3747 3629 1
3744 3683 1
3677 3659 1
3732 3573 1
3192 3036 1
3285 3177 1
3763 2708 1
3695 3606 1
3762 2956 1
3769 1687 1
3738 3172 1
3757 3726 1
3751 3720 1
3455 3238 1
3681 3578 1
3786 3452 1
3452 3438 1
3770 3632 1
3734 3508 1
3676 3366 1
3781 3628 1
3680 3630 1
3386 2595 1
3797 3606 1
3491 3396 1
3801 3797 1
3806 3691 1
3775 3733 1
3810 3511 1
3717 3256 1
3789 3753 1
3783 3688 1
3790 3485 1
3812 3722 1
3816 3707 1
3804 3621 1
3832 3737 1
3827 3774 1
3831 766 1
3801 3774 1
3833 3613 1
3808 3698 1
3853 3727 1
3824 3725 1
3853 3836 1
3743 1140 1
3847 3543 1
3854 3572 1
3860 3662 1
3814 3670 1
3863 3855 1
3847 3695 1
3764 3742 1
3843 3679 1
3869 3865 1
3799 3761 1
3872 3754 1
3859 2218 1
3838 3655 1
3879 3784 1
3822 3667 1
3818 3761 1
3799 3487 1
3799 3758 1
3866 951 1
3291 3258 1
3856 3284 1
3887 3855 1
3881 3396 1
3776 3716 1
3883 3623 1
3879 3846 1
3885 3425 1
3802 3762 1
3908 3493 1
3864 3601 1
3858 3612 1
3766 3438 1
3816 3802 1
3925 2325 1
3931 3884 1
3931 3764 1
3610 3601 1
3906 3672 1
3930 3863 1
3939 1948 1
3943 3368 1
3940 2951 1
3947 3935 1
3789 3339 1
3949 3742 1
3926 3718 1
3781 3733 1
3951 3708 1
3917 3790 1
3948 3800 1
3780 3294 1
3839 2487 1
3957 3937 1
3795 3710 1
3623 3340 1
3962 3959 1
3944 3770 1
3968 3949 1
3960 1563 1
3956 3897 1
3966 3951 1
3915 3327 1
3936 3886 1
3965 2435 1
3800 3602 1
3482 3046 1
4003 3476 1
3936 3935 1
3923 1894 1
3858 2888 1
4015 3751 1
4020 3969 1
4018 3826 1
3522 3157 1
4006 3600 1
4030 3927 1
4022 3881 1
4004 3989 1
3932 3909 1
3933 3932 1
3946 3937 1
3872 3596 1
3603 3596 1
3989 3968 1
4034 3292 1
3941 3897 1
3998 3971 1
4047 3994 1
3941 3832 1
3988 3926 1
4036 3680 1
4020 3843 1
4009 4005 1
3959 3946 1
4051 3912 1
3509 3373 1
4025 3642 1
4057 1863 1
4013 3852 1
4011 3715 1
4058 3841 1
4065 3871 1
3992 3933 1
4033 4021 1
4077 3656 1
4069 3357 1
4026 3909 1
4080 1259 1
4072 4047 1
4085 3993 1
4083 3911 1
4018 3883 1
4001 3942 1
4091 3846 1
4096 3930 1
4084 4082 1
4110 4033 1
4120 3825 1
4119 3460 1
4059 3994 1
4117 3981 1
4109 4104 1
4126 4114 1
4130 4099 1
4121 1771 1
4101 3824 1
3972 1437 1
4128 3113 1
4140 3814 1
4124 4059 1
4127 3834 1
4092 4072 1
4074 2325 1
4145 4137 1
4144 4040 1
4109 3942 1
3784 980 1
4147 3979 1
4153 4119 1
4140 4123 1
4125 4044 1
4117 4085 1
4158 3675 1
3948 3445 1
4143 4099 1
4148 4134 1
4165 3974 1
4133 4083 1
4174 1204 1
4167 4015 1
4178 3831 1
4105 4049 1
4166 4136 1
4189 3247 1
4157 3261 1
4177 3661 1
4139 4065 1
4172 4092 1
4107 3155 1
4197 4172 1
4180 4130 1
4199 3966 1
3934 3706 1
4212 3268 1
4210 3822 1
4214 4114 1
4221 4031 1
4193 4030 1
4208 4179 1
4218 4107 1
4227 4216 1
4216 4204 1
4219 3893 1
4136 4118 1
4231 4167 1
4236 4179 1
4046 3014 1
4145 3407 1
4248 4190 1
4247 4194 1
4234 4176 1
4241 4158 1
4234 4133 1
4241 4166 1
4258 4250 1
4265 4229 1
3795 3784 1
4267 4218 1
4256 4193 1
4276 4111 1
4277 3621 1
4275 3596 1
4242 3068 1
4232 4151 1
4279 4082 1
4285 4265 1
4213 4001 1
4294 3734 1
4259 4075 1
4281 4187 1
4292 4223 1
4297 4250 1
4286 4179 1
4269 1392 1
4297 4296 1
4307 4231 1
4282 3965 1
4191 2772 1
4299 4110 1
4304 4221 1
4206 4199 1
4304 4229 1
4316 3377 1
4313 2853 1
4162 3360 1
4325 4253 1
4318 4165 1
4219 4125 1
4330 4143 1
4344 4285 1
4244 4176 1
4343 4335 1
4354 4051 1
4312 4245 1
4332 3371 1
4343 3483 1
4350 4247 1
4362 4280 1
4365 4307 1
4360 3908 1
4378 4305 1
4326 4188 1
4370 4280 1
4327 2128 1
4384 4154 1
4383 3068 1
4377 4147 1
4382 4161 1
4374 4005 1
4342 4306 1
4376 3512 1
4391 3942 1
4267 4205 1
4398 3906 1
4400 4001 1
4385 4213 1
4405 4397 1
4380 4350 1
4408 4209 1
4413 3325 1
4410 4394 1
4311 4182 1
4420 4396 1
4430 4276 1
4418 3014 1
4432 4386 1
4372 3699 1
4439 4386 1
4436 4051 1
4286 3396 1
4409 4386 1
4429 4021 1
4331 4071 1
4443 4202 1
4444 4396 1
4440 4435 1
4416 4407 1
4443 4436 1
4450 4176 1
4462 4385 1
4451 4349 1
4435 4416 1
4471 4420 1
4478 4225 1
4486 4384 1
4489 4386 1
4496 4495 1
4143 3465 1
4497 4490 1
4494 4325 1
4352 3869 1
4499 4448 1
4498 4460 1
4151 2158 1
4506 4362 1
4299 3613 1
4497 4464 1
4488 4473 1
4509 4303 1
4511 4370 1
4470 329 1
4503 4245 1
4514 4301 1
4520 4410 1
4504 4391 1
4473 3759 1
4519 3955 1
4526 4523 1
4524 4478 1
4529 4437 1
4528 4501 1
4532 4451 1
4374 3425 1
4527 4444 1
4547 4501 1
4523 4502 1
4549 4430 1
4460 4345 1
4432 4373 1
4517 4453 1
4557 4556 1
4556 4496 1
4515 822 1
4558 4517 1
4565 4450 1
4536 4509 1
4566 4556 1
4559 4533 1
4578 4486 1
4569 4561 1
4570 4506 1
4564 4521 1
4547 4527 1
4586 4582 1
4420 4365 1
4600 4378 1
4589 4549 1
4601 4597 1
4602 4252 1
4572 4496 1
4603 4461 1
4561 4027 1
4148 1712 1
4551 4543 1
4587 4569 1
4568 3622 1
4605 4411 1
4614 3588 1
4603 4587 1
4555 4533 1
4625 4583 1
4627 4393 1
4632 4555 1
4633 1155 1
4605 4604 1
4637 4504 1
4630 4564 1
4507 853 1
4646 4248 1
4601 4502 1
4564 4464 1
4651 4644 1
4657 4551 1
4657 4635 1
4649 4528 1
4650 4597 1
4659 4398 1
4669 4105 1
4662 4644 1
4693 4418 1
4676 3760 1
4684 2977 1
4618 3427 1
4395 3776 1
4703 4574 1
4703 4616 1
4689 4651 1
4706 4686 1
4706 4593 1
4698 4616 1
4717 4519 1
4714 4574 1
4693 3844 1
4629 4580 1
4700 4673 1
4708 4673 1
4702 4650 1
4680 4539 1
4699 4662 1
4699 4625 1
4724 4710 1
4727 4589 1
4709 4411 1
4755 4609 1
4754 4748 1
4764 4685 1
4748 4746 1
4765 4647 1
4558 4540 1
4753 4668 1
4774 4772 1
4771 4757 1
4745 3624 1
4766 4724 1
4781 4413 1
4787 4695 1
4797 4723 1
4800 4686 1
4752 4746 1
4736 4511 1
4790 4754 1
4786 4566 1
4774 4668 1
4716 4341 1
4809 4674 1
4828 4465 1
4685 4141 1
4823 4787 1
4823 4819 1
4765 3832 1
4709 3135 1
4843 4830 1
4562 3446 1
4822 4710 1
4858 4853 1
4830 4819 1
4862 4854 1
4843 4831 1
4806 4788 1
4853 4831 1
4838 4800 1
4888 4475 1
4538 4175 1
4890 4723 1
4668 4395 1
4875 4840 1
4879 4865 1
4912 4613 1
4913 4889 1
4923 4034 1
4922 4863 1
4915 2251 1
4933 4901 1
4911 4464 1
4844 4428 1
4934 4398 1
4904 4840 1
4920 4854 1
4935 4904 1
4878 4768 1
3718 2718 1
4886 4094 1
4953 4899 1
4965 4671 1
4050 2458 1
4895 4546 1
4965 4901 1
4935 4885 1
4968 2295 1
4933 4211 1
4969 4905 1
4971 4962 1
4970 4958 1
4970 4959 1
4947 4740 1
4924 4759 1
4997 4992 1
5000 4897 1
5000 4943 1
4982 1467 1
4969 4962 1
4949 4924 1
4990 4964 1
4928 3686 1
4954 4919 1
4984 4639 1
4978 4936 1
5015 3532 1
5016 4971 1
5019 4985 1
4995 2606 1
5031 4898 1
4996 4924 1
5017 4672 1
5052 5016 1
5057 5035 1
5064 4986 1
5022 3898 1
5041 4978 1
4796 4604 1
5078 4983 1
5082 4583 1
5087 3728 1
5064 5031 1
4907 4496 1
5091 3179 1
5101 5033 1
5092 5085 1
5101 4961 1
4131 3146 1
5104 5023 1
5003 4960 1
3590 2849 1
5119 5111 1
5074 4860 1
5114 4448 1
5132 5130 1
4796 4230 1
5130 5052 1
5060 4979 1
5098 5007 1
5118 5083 1
4857 3896 1
5110 5061 1
5127 638 1
5145 5104 1
5143 5132 1
5146 5092 1
5152 5146 1
5155 4679 1
5109 5035 1
5151 5149 1
5157 5152 1
5128 3731 1
5017 2458 1
4987 920 1
5169 3928 1
5177 5163 1
5178 98 1
5179 5151 1
5190 5121 1
4990 2019 1
5188 5038 1
5150 4591 1
5197 5090 1
5204 5200 1
5202 4354 1
5211 5089 1
5160 5082 1
3806 3546 1
5219 5111 1
5204 3130 1
5156 4490 1
5060 4734 1
5196 5022 1
5111 3047 1
5258 5188 1
5156 4879 1
5240 5235 1
5184 5035 1
5271 5015 1
5164 4683 1
5267 4803 1
5283 4112 1
5284 5255 1
5288 3976 1
5233 5145 1
5289 5235 1
5290 5287 1
5253 3645 1
5140 4611 1
5290 5238 1
5298 5296 1
5291 3920 1
5301 4427 1
5313 5219 1
5314 5216 1
5272 5262 1
5312 5292 1
5324 5268 1
5328 5289 1
5341 5339 1
5283 5058 1
5300 5128 1
5351 5173 1
5358 5321 1
5353 4954 1
5179 4890 1
5272 4621 1
5338 5243 1
5375 5106 1
5378 4739 1
5370 5164 1
5348 5341 1
5115 3608 1
5362 5337 1
5388 5313 1
5386 5357 1
5361 4835 1
5341 2478 1
5387 4484 1
5393 5314 1
5403 5144 1
5402 5179 1
5418 5135 1
5386 5347 1
5426 5246 1
5408 5388 1
5224 4832 1
5431 5426 1
5412 4677 1
5432 5110 1
5434 4639 1
5409 4803 1
5347 3961 1
5441 5293 1
5439 5075 1
5409 5398 1
5469 3748 1
5470 5446 1
5470 5444 1
5478 5460 1
5461 2251 1
5376 5342 1
5496 4588 1
5506 5460 1
5223 4473 1
5268 3145 1
5494 4999 1
5508 5478 1
5520 2276 1
5491 4608 1
5519 5398 1
5503 5150 1
5490 5409 1
5531 4644 1
5539 5508 1
5433 4489 1
5478 1951 1
5547 4644 1
5554 5537 1
5560 5506 1
5549 5502 1
5550 5500 1
5553 5540 1
5570 3592 1
5584 5540 1
5587 5565 1
5584 5578 1
5588 5565 1
5581 4007 1
5585 5527 1
5556 3148 1
5591 5585 1
5568 4997 1
5571 5272 1
5609 5607 1
5607 5315 1
5564 5372 1
5579 5268 1
5591 5551 1
5524 4826 1
5589 3915 1
5608 5417 1
5632 4472 1
5638 4799 1
5644 4472 1
5624 3566 1
5659 5652 1
5672 5671 1
5667 5054 1
5666 4696 1
5686 3632 1
5691 5616 1
5631 5380 1
5709 5669 1
5707 5637 1
5710 5709 1
5712 5710 1
5698 4509 1
5711 5707 1
5665 5608 1
5636 4377 1
5727 5712 1
5705 5618 1
5702 5618 1
5742 5722 1
5762 5760 1
5747 5688 1
5763 4734 1
5768 5572 1
5735 5563 1
5769 4209 1
5782 5762 1
5769 5666 1
5717 3576 1
5757 5457 1
5793 5791 1
5688 5631 1
5774 1679 1
5797 5029 1
5791 5698 1
5818 5805 1
5580 5547 1
5792 4800 1
5839 3374 1
5840 5494 1
5844 5637 1
5835 5099 1
5625 4320 1
5833 5792 1
5851 5618 1
5846 5834 1
5868 4683 1
5851 3726 1
5871 5835 1
5880 5879 1
5881 5794 1
5118 2483 1
5884 5881 1
5889 5885 1
5902 5885 1
5893 4959 1
5883 5220 1
5907 4892 1
5920 5913 1
5925 5919 1
5920 5179 1
5938 4398 1
5939 5799 1
5941 5872 1
5944 5610 1
5948 5941 1
5957 5826 1
5962 5855 1
5966 4105 1
5970 5962 1
5980 5979 1
5980 5977 1
5946 5181 1
5991 5977 1
5989 4718 1
5985 5893 1
5979 5910 1
6003 5991 1
6002 5963 1
5909 5861 1
6008 6003 1
6009 6008 1
6018 4053 1
6011 3643 1
6019 5948 1
6024 6009 1
5984 5935 1
6029 5407 1
6047 6046 1
6052 6051 1
6055 6053 1
6051 6049 1
6055 4359 1
6063 5920 1
6065 5497 1
481 0 2
496 206 2
831 353 2
1083 700 2
946 203 2
1580 1267 2
857 838 2
1660 1565 2
1506 675 2
1984 1607 2
1193 921 2
1617 795 2
2206 575 2
1692 924 2
1975 1704 2
2248 111 2
2239 751 2
1872 823 2
1932 1533 2
2375 2179 2
2333 1077 2
2199 1885 2
2424 2260 2
2390 1109 2
1851 738 2
2816 822 2
2907 2859 2
2966 1004 2
2955 656 2
2958 2386 2
2729 1956 2
3058 2580 2
2580 2560 2
3357 3072 2
1573 501 2
3587 3367 2
3624 2958 2
3568 3143 2
3598 3423 2
3792 2108 2
3159 3142 2
3971 3560 2
3401 3291 2
3892 3491 2
3883 2996 2
4335 3321 2
4341 2977 2
4257 2312 2
4062 3071 2
4566 4495 2
4573 4495 2
3883 2574 2
4738 4266 2
4749 3531 2
4611 4040 2
4992 2718 2
4960 4732 2
4996 4732 2
5067 4920 2
5296 5111 2
5225 5057 2
5271 3562 2
5351 4663 2
5424 4257 2
5395 5339 2
5304 4919 2
5534 5189 2
5616 5445 2
5711 5606 2
5760 5737 2
5786 3671 2
5836 5810 2
5923 5606 2
5958 1610 2
5975 5714 2
6032 5129 2
6032 4877 2
