1
0
3
2
6
4
7
5
4
2
21
12
5
1
4
1
24
9
23
18
16
11
35
19
30
17
41
39
31
26
44
11
26
19
15
13
29
18
25
13
51
17
27
15
30
10
22
8
22
15
56
17
38
27
47
28
65
34
53
47
14
13
29
16
45
34
33
28
46
14
69
17
62
45
59
33
33
14
76
73
50
21
77
25
71
19
49
8
67
9
82
1
41
26
40
37
84
48
80
21
66
36
43
9
96
64
88
51
54
32
89
12
105
64
68
20
90
13
35
12
67
60
79
20
117
1
118
21
115
30
91
43
85
20
64
61
63
43
104
22
55
48
111
97
78
75
70
36
114
73
109
22
122
36
124
14
116
75
136
11
106
57
100
98
125
13
58
37
139
6
107
8
129
84
148
71
112
32
154
50
86
29
94
57
146
14
145
108
155
149
150
149
162
155
116
92
169
6
174
92
87
58
182
42
171
153
172
50
163
18
166
42
119
99
176
9
138
135
138
98
173
8
186
8
126
42
142
50
192
173
123
41
200
61
140
20
206
161
199
126
108
22
72
58
195
40
190
29
210
32
223
24
159
132
224
9
219
116
229
14
175
55
231
183
130
86
194
114
242
19
253
68
237
40
251
102
240
44
255
164
207
179 134
222
26
228
211
236
69
144
54
254
46
220
172
197
119
256
87
227
123
264
54
153
25
243
239
264
203
225
60
247
103
273
1
278
260
241
233
260
110
252
63
133
40
288
228
258
110
225
153
102
66
271
130
283
238
269
132
305
211
259
116
180
151
160
72
294
93
279
58
305
262
310
48
309
159
317
48
276
152
246
137
185 99
134
196
177
278
81
308
103
296
213
138
61
220
23
321
86
198
161
334
198
282
115
232
42
300
186
283
241
336
324
315
37
341
20
261
181
342
55
289
70
322
109
348
31
339
184 10
266
211
340
221
328
86
353
350
345
8
349
121
359
333
312
151
286
158
329
234
201
177
290
37
355
238
360
258
369
93
367
245
343
78
298
108
326
268
338
308
287
165
318
265
193
165
383
371
265
64
308
268
379
120 11
179 134
149
241
96
378
266
293
34
389
297
323
234
380
245
373
183
335
107
374
16
397
26
336
167
372
181
403
37
401
358
352
40
383
197
386
237
319
12
331
199
370
281
370
180
333
17
388
72
398
355
313
293
295
167
423
291
297
137
390
314
408
35
330
72
281
57
364
322
363
160
412
334
418
201
385
295
343
108
326
196
447
346
439
93
250
121
441
163
446
395
346
296
453
55
366
201
407
327
448
350
285
265
452
39
416
340
459
410
431
297
450
440
454
177
463
63
426
49
460
343
411
63
468
33
465
265
428 309
384
425
297
395
34
263
164
323
188
471
170
457
344
358
261
392
164
478
456
479
112
440
410
415
159
400
31
486
240
491
282
362
290
438
382
476
291
489
235 20
458
417
422
312
391 356
250
405
257
392
291
512
345
514
294
382
263
396
272
508
272
364
213
444
105
501
324
409
272
366
221
485
478
525
251
527
294
526
309
531
251
504
368 269
492
434
537
524
530
247
432
97
487
206
433
304
519
133
455
170
520
58
476
435
505
306
542
360
483
357
551
456
535
469
490
297
558
344
467
161
470
314
170
112
547
329
555
457
399
250
504
500
535
499 366
413
396
561
488
502
313
577
261
584
263
458
438
586
570
405
161
589
314
376
144
484
413
583
231
445
196
601
107
534
62
612
489
613
432
528
435
603
399
615
579
482
298
616
164
516
416
544
318
609
194
422
236
591
504
590
246
625
121
410
365
626
370
581
537
495
438
621
231
529
167
639
137
493
327
630
474
646
482
618
314
649
449
554
495
643
640
557
193
656
608
550
365
628
287
651
272
598
103
579
506
662
281
594
335
623
344
675
661
588
257
474
411
670 647
485
671
359
614
152
692
639
585
390
539
528
679
449
516
80
580
516
490
432
690
675
665
443
550
541
594
497
567
461
693
565
645
177
722
272
718
525
733
575 433
643
293
750
586
696
130
705
488
724
674
666
576
675
672
749
330
731
641
523
376
502
257
737
271
729
497
669
415
720
580
766
572 165
631
286
654
407
763
390
652
177
726
243
712
170
660
502
774
669
754
344
783
748
790
700
788
88
732
601
595
573
780
560
657
110
803
92
387
263
768
449
553
405
703
221
556
376
602
474
761
365
799
455
777
757
694
566
805
310
797
738
724
702
734
488
731
600
791
528
765
573
819
534
824
597 448
571
399
830
586
833
372
797
753
683
93
676 629
188
822
350
813
493
744
702
837
100
806
657
792
306
784
450
808
708
796
373
802
654
845
757
686
498
691
537
716
557
739
683
787
678 482
631
585
857
536
845
638
767
581
857
507
613
563
778
697
855
277 152
688
569
781
93
850
387
773
356
867
700
866
801
782
706
776
498
870
341
783
555
873
323
812
741
704
407
697
523
785
365
673
637
825
742
682
595
842
765
547
306
886
835
879
825
844
357
723
509 110
565
498
891
801
689
130
888
654
793
306
899
868 621
885
642
851
591
892
304
862
495
826
608
709
131 54
859
421
587
569
883
571
907
512
902
741
887
435
846
681 618
901
858
908
683
786
760
784
637
923
463
909
62
890
461
927
729
812
653
928
567
895
728
882
62
932
188
829 728
152
900
158
941
698
911
893
776
694
892
711
945
255
624
434
794
571
925
648
708
506
815
714
922
727
918
708
732
190
809
493
874
566
746
638
961
542
914
895
906
625
969
706
955
522 193
973
774
756
556
789
673
926
599
658
483
642
560
965
159
976
595
901
817
719
264
936
382
975
602
978
357
948
750
986
580
974
262
878
641
983
800
967
327
772
655
723
704
916
715
753
745
803
721
875
530
982
599
987
944
959
615
894
288
757
727
813
682
991
655
972
567
880
738
1003
132
998
478
834
786
937
744
1004
786
1006
445
931
327
1014
355
915
860
867
779
700
691
912
658
963 929
188
951
714
1029
421
953
782
570
494 443
872
698
919
839
878
828
1037
554
980
917
769
641
1030
921
1018
1007
869 672
701
980
924
1057
1021
1016
940
1041
966
938
806
1019
1018
1024
781
1009
964
1063
958
1028
746
1067
808
979
800
1068
1004
1064
304
944
276
864
600
1041
993
1078
913
939
784
1066
541
1081
1018
1032
637
1031
930
1079
780
1078
872
985
546
1082
624
1095
744
1009
455
992
985
1098
987
1104
385
1105
1060
1013
881
947
711
1048
913
624
569
1108
198
1093
304
1035
947
1076
470
771
655
1099
744
1059
658
990
834
1136
573
745
565
1128
1075 529
1070
800
807
801
1137
642
1015
919
896
852 507
1045
1008
1087
781
947
864
1151
689
1121
498
1153
995
1154
161
1133 1083
790
1007
711
1141
598
962
501
1159
715
1116
506
1102
1097
1166
863
1103
973
1028
881
1047 838
507
1148
398
1175
997
1173
913
1168
269
905 534
484
1180
1177
863
771
1192
1180
1191
938
1096
541
1149
1126 921
1150
1090
1178
1109
1195
956
1202
748
1152
930
1209
769
1210
896
1215
1177
1186
1177
994
455
1184
908
1016
953
1198
1125
1053
712
1128
1025
1163
1097
1134
166
1231
1196
1220
772
1171
1010
1233
378
1230
1146
1213
1149
1238
433
1162
902
1243
1195
1183
243
1203
860
1254
461
1255
977
1249
1226
1202
1165
1129 828
956
1274
859
1208
870
1277
569
1279
272
1245
693
1258
1077
1246
181
1188
628
1172
488
919
697
1190
566
1221
466 199
1107
501
1270
1265
1294
602
1305
175
1289
1109
1057
277 152
1036
997
1213
721
951
835
1167
1008
1264
1165
1224
715
1257
807
1117
807
1062
489
1307
778
1233
1105
1063
902
1224
1124
1199
922
1280
925
1156
1010
993
709
1027
943
1319
1047 838
1290
432
1291
1224
1010
977
1239
665
1318
970
1303 1240 1012
560
1228
1027
1118
1019
1287
911
1256
656
1284
791
1338
365
1080
565
1285
1146
1286
268
1315
1205
1222
874
1262
1062
1300
1299
1326
114
1348
805
1317
1272
1231
996 917
1250
691
1356
1325
1236
445
1342
561
1341
1045
968
648
1302
1090
1234
978
1364
1163
1293
1080
1333
771
1234
981 386
1268
1200
1353
483
1138
694
1388
628
1000
376
1257
1005 926
1357
1158
1253
937
1266
638
1349
1267
1359
1186
1403
1339
1147
1102
1308
983
1377
742
1390
1262
1401 1267
1328
1248
1151
1405
1188
1413
642
1399
1375
1411
839
1327
1124
1092
1021
1383
1239
1410
1145
1334
1296
1417
694
1157
1072 861 701
1424
1070
1434
977
1406
1395
1301
1270
1394
1089 577
1436
925
1196
963 929
1442
893
1304
302 188
1403
1227
1435
1125
1378
1376
1384
1203
1446
916
1346
1249
1302
1272
1350
787
1373
1067
1444
1346
1363
1350
1448
887
1159
1084
1445
1033 785
1459
919
1460
1453
1351
1008
1458
1368 995
1439
612
1422
985
1447
1421
1423
953
1432
1111
1389
720
1469
1346
1367
1318
1394
494 443
1407
1215
1477
1102
1437
928
1379
966
1415
706
1468
1339
1204
243
1347
881
1414
969
1399
1237
1438
1042
1268
1221
1197
1111
1306 940
939
1443
874
1447
1260
1495
199
1502
1301
1432
958
1421
1342
1406
536
1507
160
1212
1133 1083
1269
994
1513
160
1514
1258
1376
1356
970
880
1460
1418
1451 1193
687 531
1499
1374
1452
1283
1528
1218
1264
1226
1278
801
1198
425
1161
1120
1261
1090
1375
997
1174
416
1258
800
1373
1345
1458
1371
1492
1253
1538
1278
1548
1508 1410
1473
1138
1490
1218
1457
715
1260
1124
1369
1327
1516
1500
1543
959
1549
1341
1516
941
1555
599
1524
653
1565
1506
1568
944
1569
1477
1504
722
1270
911
1449
1111
1527
470
1547
642
1500
1152
1576
1492
1578
1157
1475
1268
1441
665
1476
1145
1483
1400
1488
1473
1475
930
1483
1352
1515
401
1596
1118
1486
1065 883
1583
500
1560
1347
1421
1404
1600
400
1588
879
1503
782
1471
1352
1382
1115
1616
1392
1546
1174
1577
1150
1464
1084
1607
1570
1579
979
1387
1191
1157
982
1614
870
1579
1545
1613
1236
1472
1025
1592
665
1420
1227
1610
1436
1557
1433
1353
1184
1484
977
1561
1468
1343
1330
1566 1283
1561
1644
1494 1478
1598
745
1511
1042
1647
1511
1655
1390
1427
688
1664
1204
1661 1660
1506
1599 1161
1415
1488
1420
1559
1287
1609
1171
1670
1171
1465
1212
1546
1523
1587
1463 1195
1557
922
1345
1206
1640
1222
1631 1455
1510
1651
373
1654
1228
1602
995
1640
1630
1654
684 447
1496
1350
1662
1116
1645
1581
1633
1300
1681
1274
1653
1358
1697
990
1701
653
1430
992
1704
1663
1451 1193
1030
1678
1642
1590
1028
1572
1455
1526
1409
1724
1080
1707
1382
1601
1505
1690
968
1650
1347
1667
1526
1727
1117
1261
860
1565
1310 661
1630
1593
1638
1317
1225
1198
1745
1717
1604
1285
1753
1174
1597
1092
1749
742
1736
1530
1637
1424
1669
1474
1658
1486
1751
573
1547
1530
1467
1289
1763
1482 1453
1357
883
1721
1144 1077
1482 1453
1297
1585
1284
1731
1649 1557
1665
652
1754
1256
1742
1029
1474
1045
1593
1518
1738
1559
1790
1349
1788
975
1680
1542
1787
1393 1273 767
1792
1474
1499
1487
1764
330
1746
1367
1775
1615
1761
1259 765
1686
777
1767
1683
1747
1601
1794
1284
1783
1457
1789
817
1521
1510
1815 1617
245
1519
1400
1540
796
1814
955
1726
1384
1315
1048
1802
1216 623
1743
1721
1796
1225
1769
1642
1735
1501 1158
1739
1300
1639
1597
1712
1358
1820
1645
1632
1581
1699
815
1775
1618 1481
1689
1490
1752
1520
1296
771
1691
1265
1517
1199
1283
170
1845
1548
1741
945
1512
1400
1709
1680
1584
915
1798
1230
1776
1607
1710
1357
1762
1513
1750
638
1852
1452
1841
1760
1840
1104
1812
1517
1785
421
997
526
1739
651
1684
1542
1862
1658
1805
1758
1860
1409
1297
758 581
1875
1752
1881
1576
1666
1623
1358
1105
1891
1378
1889
1707
1858
1491
1887
1167
1886
1439
1723
1549
1843
1119 674
1759
1593
1849
1572
1804
1092
1896
1529 631
1869
1532
1902
1359
1879
1524
1917
1383
1609
1530
1900
1621
1892
1710
1829
1549
1906
1765
1922
1139 543 286
1827
1505
1926
1389
1927
433
1925
1666
1930
1872
1673
1349
1723
1498 1371
1928
1665
1919
1848
1937
1802
1894
492
1850
1616
1935
1902
1820
1765
1933
1532
1885
1816
1905
1748
1944
1641 962
1948
1522 1178
1946
1857
1812
1726
1926
1779
1425
980
1918
843 563
1877
1405
1960
1810 1343
1884
1536
1849
1709
1763
1471
1869
1678
1823
1531
1767
1491
1716
1084
1952
1505
1974
1443
1972
1330
1913
1520
1978
113 40
1965
1769
1834
529
1975
1737
1983
1437
1973
1749
1993
795 245
1986
1383
2001
1667
2002 1984
1570
1758
546
1916
1642
2005
434
1959
1596
1782
1718 1115
1966
528
2004
1464
1748
1377
2012
734
1961
1875
2008
1836
2017
1257
1940
245
1836
1716
1901
1647
2020
1392
1691
1496
1980
1750
2030
1716
2007
1543
2037
1952
2022
1349
1857
994
1757
1521
2046
614
1987
1853
2027
1838
1580 1328
1439
2039
1776
1967
1737
2055
1577
2047
858
2043
442 315
2042
1053
1998
1499
1979
1012
1947
1662
1713
1531
1713
1138
1987
542
2072
1971
2059
1155 576
2080
2077
2085
1201 517 81
2037
1941
1717
99
1951
1839
2055
2006
1779
1330
2008
1103
2077
831 822
1961
1877
2075
2057
2078
1627
1937
1809 1449
1702
1639
2062
1417
2094 1801
1884
1827
1623
2084
2054
2034
1803
2092
2014
2083
2043
1925
1825 1206
2040
1578
2102
1842
2101
1532
1947
1938
2081
1839
2109
1693 1414
2058
1913
1607
1115
2116
1587
2041
1770
2122
1841
2015
1863
1985
1804
2131
1484
2106
1997
1839
959
2149
1961
2128
2058
2013
1471
2067
2051
2035
1811
1661 1660
997
2136
2033
2098
1531
1943
1686
2156
2057
2044
1387
2065
1760
2066
1944
1510
1364
2169
1871
2123
1993
2133 2044
1909
2166
1909
2093
674
2174
1796
2164
1042
2135
2113
2138
1269
2183
1601
1991
1598
2177
2104
2158
1999 1871
1791
1009
2180
2047
2031
1026 160
2069
1803
2159
1898
2084
1945
2088
2040
2045
1979
2205
2048
2170
1450 855
2128
2071
2152
1908
2201
1690
1930
779
2211 1663
1975
2067
1997
2203
1082
2165
1042
2142 1814
1430
2192
1422
2214
1934
2175
1502
2063
1770
2210
2179
2079
1146
2141
1774 774
2172
2034
2236
1943
2238
2099 1111
2136
2054
2190
1872
2176
1512
949 252
680 369
2184
1816
2139
1838
2243
1614
2083
1280
2267
2081
2170
1995
1979
1677
2266
1269
2202
1519
2230
1912
1900
1817
2278
2236
1255
1239
2227
421
2287
1246
2107
1934
2219
1853
2217
1761
2289
2202
2232
2072
2253
1445
2282
1540
2146
2071
2172
2027
2186
2104
2284
1256
1521
1218
2311
2188
2298
1051 426
2280
2054
2296
2172
2074 1932
1334
2218
2155
2151
1819
2244
1997
2068
1036
2317
1735
2322
2061
2313
2221
1916
1892
2060
1602
2293
2112
2190
1803
2182
1520
2324
1403
2339
2096
2135
1959
2194
967
2025
580
1759
1633
2332
1912
2186
1967
2215
2183
1817
1308
2271
2268
2323
1279
2295
1728
2353
1770
2308
1971
2363
386
2174
1887
2212
1788
2364
1712
2367
1504
2292
2045
2291
1512
2288
2200
2354
2271
2313
1526
2171
1873 1597
2246
1418
2272
1994
2279
1427
2215
2200
2377
1586 1374
2048
2019
2269
1147
2056
1964
2316
1605 1113 680 369
2188
2014
2325
1764
2145 1863
2056
2096
60
2372
1796
2351
386
238
217 2
2221
1844 792
2179
1484
2127
1950
2340
2215
2318
2250
1977
1197
2401
2277
2225
1912
2225
2168 2108
2354
2282
2404
1805
2405
1811
2105
1906
2411
2222 1472
2315
1015
2395
2340
2342
1536
2418
2232
2413
2345
2421
1964
2410
2202
2426
1728
2379
2156
2392
2253
2342
2252
2208
1698 1110 1044 649
2139
1702
2371
2177
2335
2151
2394
2090 1938
2425
2396
1908
921
2408
2303
2428
1945
2016
1796
2414
2148 1983
2014
1293
2245
2086
2381
688
2440
1702
2438
2199
2387 2375
2210
2420
2209
2451
1311 851
2450
2088
2411
2257
2371
2288
2252
1615
2456
183
1748
1098
2391
793
2422
1929
2466
1479 419 88
2466
1719 1183
2432 2029
2345
2446
2314
2417
2106
2467
1885
2453
2182
2465
2024
2365
2112
2155
1920
2439
2278
1858
1198
2348
1705 1688
2442
2318
2410
2303
2457
2104
2461
2063
2302
1711 1135 673
2429
2286
2490
2065
2386
2024
2498
1834
2349
1732 862
1934
1703 1684
2314
1632
2472
1944
2490
2447
2427
2033
2268
2154 1766 853 194
2511
1919
1478
1317
2485
2107
2116
1932
2304 2199
1816
2509
2485
2478
1688
2454
2420
2327
1848
2504
1103
2376
966
2520
1984
2524
2141
2499
2246
2530
1454 1289
2356
1991
2503
2033
2531
2197 1730 1334
2150
2038
2519
2463
2536
1792
2535
2386
2512
2413
2010
1387
2458
2184
2529
1031
2502
2015
2543
1464
2472
2455
2559
1728
2565
1904 1487
2442
2307
2537
2447
2488
1703 1684
2573
1487
2551
2396
2358
2032 1801
2487
1901
2452
768
2551
1738
2570
1493 1057
2024
1581
2537
2522
2189
1246
2481
2277
2566
2192
2581
2465
2561
2455
2365
2150
2444
1823
2552
2317
2209
1901
2578
1569
2598
1136
2159
1677
2612
2214
2171
1898
2546
2327
2086
1705 1688
2583
2498
2616
187 18
2608
1532
2401
2188
2609
2307
2620
1538
2508
2167 1790
2595
2102
2612
2566
2501
1487
2576
1746
2505
2189
2236
1994
2589
1979
2614
2225
2607
2007
2624
2454
2584
2516
2615
2588
2607
2146
2632
1068
2508
2500
2638
2035
2643 2424
1713
2642
2146
2647
2029
2634
2243
2650
2356
1848
1122 358
2379
2344
2591
2560
2656
2286
2640
2512
2517
2408
2660
1491
2435
2377
2563
2127
2470
179 134
2648
1922
2606
1929
2641
2508
2376
2029
2637
2405
2652
2038
2542
1929
2675
2302
2522
2257
2676
1935
2672
1728
2562
797
2452
2295
2546
2015
2557
2532
2582
2557
2689
2468 1727
1994
1765
2665 1242 899
2383 2060
2493
1899 1683
2563
2062
2588
2252
2461
2208
2628
2419
2701
2500
2671
2542
2659
1481
2516
1737
2635
2302
2707
2243
2322
1348
2667
2279
2678
2561
2690
2187
2497
1632
2441
1585
2720
2715
2648
2610
2722
2419
2657
2378 1137
2724
2307
2700
2117 1819
2705
2281 1324 766
2506
2453
2286
1418
2736
2063
2737
560
2714
1315
2742
2695
2533
2175
2349
2075
2744
2724
2740
2187
2726
2624
2709
1795 1029
2758
1446
2721
2433
2755
2433
2756
2217
2745
1145
2597
2567
2759
2567
2771
2553 1442
2760
2673
2679
1995
2720
2139
2775
2223 1858
2589
2412
2761
608
2735
2361 2078
2765
2122
2788
839
2770
2567
2785
2434 1843
2757
2582
2806
2610
2735
2500
2746
2614
2815
1951
2805
2754
2754
1427
2791
2719 2385 1574 1143 760
2808
2548
2748
2650
2726
2702
2809
2484
2823
2419
2712 2529
2070 1569
2832
1602
2833
2496 1897 1218
2827
2434 1843
2823
2757
2850
2662
2727
2412
2826
2514 796
2859
2813
2793
2730
2685
2511
2781
2702
2856
2773
2772
2574
2874
2506
2853
2187
2847
2682
2678
2414
2822
2439
2840
2078
2851
674
2893
2818
2730
2722
2748
2631
2897
2628
2882
2323
2871
1568
2901
1315
2903
1762
2890
2400 1960
2881
2756
2791
2765
2734
1728
2860
2603 1200
2873
2640
2746
2552
2820
2718 2673
2876
2414
2899
2813
2743
1576
2742
2646 2272
2910
1881
2911
2597
2917
1190
2809
2497
2860
1831 1480 197
2919
2394
2893
2871
2886
2791
2927
2606
2930
1519
2935
2244
2125
1593
2896 2241 1148
2212
2944
2675
2953
2800
2640
779
2973
2218
2920
2492 2232
2955
2761
2967
2666 2623 1573 1220
2749 2580
2591
2915
2780 2284
2652
2644
2861
2238
2976
2931
2892
45
2970
2549 2079
2921
2584
2985
2382 2113
2989
1579
2946
2938
2987
2793
2914
2800
2994
2497
2445
2019
2902 2758
2427
2939
2476 1348
2983
1863
2992
2905
2988
2698 1600
2968
2923
2977
2772
2974
2548
2866
2250
3010
2899
2937
1384
2999
2875
3021 2958
2535
2924
2171
2998
2919
3004
2984
3023
2543
2965
2743
3017
2820
2987
2885
2986
1404
2389 1953 1842
292 94
2975 2857 2671
2827
3044
900
3037
2574
2755
1705 1688
3035
2169
2885
2725
2996
2682
3051
2651 2158
2923
871 760
3052
2554 1980
2946
1898
3062
2806
3014
2925
3066
3000
2807 1261
2491 1785
3020
2764 2536
3073
2626 1849
3010
2123
3067
2921
3088
3042
2971
2875
2943
2105
3008
2931
3101
2353
3054
3042
3085
2870
2526 1977
1465
3016
2463
3013
2781
3041
3017
3105
2998
3100
2847
3045
2894 2773
2991
2956
2972
2842 2527 2152
3124
2010
2922
2015
3115
1155 576
3100
2984
3091
3011
2932
2525
2948
2889
2905
2695
3121
3058
3139
2450
3070
2968
3120
2828 2233 1475
3061
1150
3149
2858
3151
2397 1624 1305
3082
3057
3089
2980
3143
2789 2280
3121
2749 2580
3093
1761
3138
2673
3163
2777 1741
3136
2843 2275 1621
3141
2985
3140
2991
2644
2358
3085
3009 2953
2926
1396 1171
3132
3041
3169
2943
3153
2714
3146
2548
3161
755 329
3176
2417
3177
2723 2101
3175
2790 2484
3048
2976
3132
2885
3128
2727
3166
3079
2560
2271
3042
2870
3144
3087
3063
2706 1426 1099
3032
2932
3175
2532
3181
257
3036
2850
3188
2970
3166
2808
3140
3087
3183
3096 2899
3208
3168
3102
2926
3008
2631
3210
2833
3209
3168
3203
3052
3208
3207
3218
2910
3199
3036
3223
2725
3179
3080
3219
2399 2093
3080
1199
3225
2567
3196
2445
3234
2885
3241
2889
3226
3214
3073
3054
3244
3170 2874
3076
2971
3250
3070
3220
2364
3224
3079
3245
2662
3222
3200 2086
3008
2856
3230
2819
3251
3173 3072
3091
2858
3266
2519
3232 2904 1603 896
3136
3269
3079
3262
2511
3271
964
2947
518 175
3272
3176
3270
2946
3278
3147
3277
2291
3077
3004
3275
2980
3286
3275
3296
2774 2020
3263
2992
3265
3027 2163 1395
2951 2750
1545
2967
501
3309
3301
3258
3249
3226
1124
3316
3057
3317
1847 1292 1013
3239
3209
3299
2450
3291
3285
3326
3044
3261
849 100
3219
2862 1377
3326
2431 1782
3328
2935
3279
2422
3333
2017
3312
3143
3323
3089
3310
2450
3320
3231 2959 2487
3364
2977
3313
3189 2936 2445
3300 2293
2819
3339
2441
3318
3105
3325
3242
3349
3301
3321
3210
3375
3205
3342
3304 3077
3322
2034
3352
2525
3382
3207
3345
3272
3086
3082
3395
3243 2752 2436 1424
3268
2859
3390
2901
3405
2218
3359
3291
3389
2948
3186 1778 894
2895 952 551
3373
3000
3408
518 175
3382
3278
3423
3410
3267
3227 3090
3424
3306 2520
3406
3313
3372
3345
3276
1140 302 188
3429
3057
3390
2130 1855 1142 826
3395
3250
3433
2517
3364
3320
3453
3244
3369
1704
3438
3342
3456
3359
3419
3242
3455
2659
3388 3081 2344
3383 3062
3460
3131 2999
3432
3029 2041
3343
3256
3443
3258
3463
3062
3424
3241
3472
2136
3453
3312
3478
3333
3399
1889
3467
3134 2565
3483
3321
3488
3406
3449
3076
3471
3318
3492
3410
3412
2973
3485
3220
3192
3090
3489
3361 3144
3420
2065
3448
1519
3425
2918 2600 2159
3505
3349
3508
3500
3515
3265
3256
717 406 106
3521
3249
3416
1741
3524
2647
3523
3456
3535
3323
3481
3297 3124
3419
3411
3368
2889
3544
3319 2928 1554 1229 988 754
3555
3535
3527
3448
3440
3312
3561
3559
3562
3532
3461
3410
3570
3138
3491
3479 2290 1744 1254
3564 3159
2435
3367
3239
3565
3451 3367
3583
2644
3572
3409 2585 734
3576
3561
3580
3549
3573
3372
3587
3565
3580
3559
3489
3488
3540
3288 3020
3586
3308 3290 3275
3377
2960 2721
3590
3411
3552
3201 2287
3586
3301
3591
3492
3598
3497 3461
3574
3021 2958
3588
3548
3602
3491
3610
2736
3601
3352
3533
3532
3616
3128
3549
3205
3609
3500
3585
3128
3619
2727
3605
3412
3625
3048
3626
3319 2928 1554 1229 988 754
3605
3414 2792 2085
3634
3192
3615
3528
3640
3612
3604
3518 3211 2891 2507 2360 1860
3561
3511
3528
3526
3446
2575 2250
3512
3011
3630
3316
3640
2971
3658
3432
3669
3661
3639
3481
3587
3509
3487
2308
3661
3427
3650
3508
3642
3055 2599 2322
3674
3276
3634
3533
3281 1088 339
2667
3677
3449
3665
3642
3639
3604
3683
3657
3672
3663
3663
3357 3251
3688
3169
3697
3682
3633
3613
3674
3588
3698
3684
3686
3632
3701
3625
3702
2972
3707
3338 2766 2120 1438
3697
3656
3641
2670 945
3718
3682
3569 3404
1627
3699
3339
3708
3415 3217 2770
3700
2659
3721
2114 1320 427 106
3737
3589 2638
3722
3443
3730
3633
3603
3327
3725
3521
3739
2897
3710
3298 3113 2990 2505
3732
3593 3555
3528
3238
3747
3720
3684
3621
3694
3577 3570
3747
3629 3097 2654 2267
3744
3683
3677
3659 2945 2165
3732
3573
3192
3036
3285
3177
3763
2708 2547 1777 762 705
3695
3606
3762
2956
3769
1687 1164 924
3738
3172 3037
3757
3726
3751
3720
3455
3238
3681 3523
3578
3786
3452
3452
3438
3770
3632
3734
3508
3676 2796 2299 1742
3366 3188
3781
3628 3355 1326
3680
3630
3386 2530
2595
3797
3606
3491
3396
3801
3797
3806
3691
3775
3733
3810
3511
3717
3256
3789
3753
3783
3688
3790
3485
3812
3722
3816
3707
3804
3621
3832
3737
3827
3774
3831
766
3801
3774
3833
3613
3808
3698
3853
3727
3824
3725
3853
3836
3743 3502 3474
1140 302 188
3847
3543 3141
3854
3572
3860
3662 3151
3814
3670 3222
3863
3855
3847
3695
3764
3742
3843
3679 3578
3869
3865 3657
3799
3761
3872
3754
3859
2218
3838
3655 2620
3879
3784
3822
3667 3437 3343
3818
3761
3799
3487
3799
3758 3266
3866
951
3291
3258
3856
3284 3179
3887
3855
3881
3396
3776
3716 3430 3102
3883
3623
3879
3846
3885
3425
3802
3762
3908
3493 2788
3864
3601
3858
3612
3766
3438
3816
3802
3925
2325
3931
3884 3827
3931
3764
3610
3601
3906
3672
3930
3863
3939
1948
3943
3368
3940
2951 2750
3947
3935
3789
3339
3949
3742
3926
3718
3781
3733
3951
3708
3917
3790
3948
3800
3780 3268
3294 2700
3839
2487
3957
3937
3795
3710
3623
3340 2996
3962
3959
3944
3770
3968
3949
3960
1563 1189 412
3956
3897
3966
3951
3915
3327
3936
3886 3505
3965
2435
3800
3602
3482 1440 998
3046 815
4003
3476 3014
3936
3935
3923 3687
1894
3858
2888 2732 1798
4015
3751
4020
3969
4018
3826
3522 2866
3157 2301 533 380
4006
3600 3445 3051
4030
3927 3730
4022
3881
4004 3767 3467
3989
3932
3909
3933
3932
3946
3937
3872
3596
3603
3596
3989
3968
4034
3292 3149
3941
3897
3998
3971 3895 3515
4047
3994
3941
3832
3988 3935
3926
4036
3680
4020
3843
4009
4005
3959
3946
4051
3912 3819 3526
3509
3373
4025
3642
4057
1863
4013 3064 2574
3852 3826
4011 3362 3101
3715 2829 1722 1048
4058
3841 3534 3040 2274 1653
4065
3871 3849 3804
3992
3933
4033
4021
4077
3656
4069
3357 3251
4026 3694
3909
4080
1259 765
4072
4047
4085
3993 3833
4083
3911 3712 3591
4018
3883
4001
3942
4091
3846
4096
3930
4084 3992
4082
4110
4033
4120
3825 3686
4119
3460
4059
3994
4117
3981 3459 2935
4109
4104
4126
4114
4130
4099
4121 4064
1771 1558 1235 990
4101
3824
3972
1437
4128
3113 2990 2505
4140
3814
4124 4058
4059
4127
3834 3554 3471
4092
4072
4074
2325
4145
4137
4144
4040
4109
3942
3784
980
4147
3979 3962
4153
4119
4140
4123 3646 3299
4125
4044 2913 2832
4117
4085
4158
3675 3465 2329 1758
3948
3445 3051
4143
4099
4148
4134
4165
3974 3937
4133
4083
4174 4098 4062
1204
4167
4015
4178
3831
4105
4049
4166
4136
4189
3247 2927
4157 4036
3261
4177
3661
4139
4065
4172
4092
4107
3155 2583
4197
4172
4180
4130
4199
3966
3934
3706 3045
4212
3268
4210
3822
4214
4114
4221
4031 3991 3860
4193
4030
4208
4179
4218
4107
4227
4216 4161
4216 4161
4204
4219
3893 2753 2402 491
4136
4118 3985 3887
4231
4167
4236
4179
4046
3014
4145
3407 3206 2609
4248
4190 4104
4247
4194 3685 3311 2911
4234
4176
4241
4158
4234
4133
4241
4166
4258
4250
4265
4229
3795
3784
4267
4218
4256
4193
4276
4111 4025
4277
3621
4275
3596
4242
3068 1729 331
4232
4151
4279
4082
4285
4265
4213
4001
4294 4291
3734
4259
4075
4281
4187 3998
4292
4223 4204
4297
4250
4286
4179
4269 4251
1392
4297
4296
4307
4231
4282
3965
4191
2772
4299
4110
4304
4221
4206 3808
4199
4304
4229
4316
3377
4313
2853
4162
3360 2767 1015
4325
4253 4197
4318
4165
4219
4125
4330
4143
4344
4285
4244
4176
4343
4335
4354
4051
4312
4245
4332
3371 2855 1799 461
4343
3483
4350
4247
4362
4280
4365
4307
4360
3908
4378
4305 4256
4326
4188 3161
4370
4280
4327 4257
2128
4384
4154 3969
4383
3068 1729 331
4377
4147
4382
4161
4374
4005
4342 3775
4306 4208
4376
3512
4391
3942
4267
4205 4126
4398
3906
4400
4001
4385
4213
4405
4397 4180
4380 4318
4350
4408
4209 4139
4413
3325
4410
4394 4284 4077
4311
4182 3375
4420
4396
4430
4276
4418
3014
4432
4386
4372
3699
4439
4386
4436
4051
4286
3396
4409
4386
4429
4021
4331
4071
4443
4202 3815 3049 1789
4444
4396
4440 4279
4435
4416
4407 4377
4443
4436
4450
4176
4462 4360
4385
4451
4349 4151
4435
4416
4471
4420
4478
4225 4134
4486
4384
4489
4386
4496
4495
4143
3465 2329 1758
4497
4490
4494
4325
4352
3869
4499
4448
4498 4310 2824 1325
4460
4151
2158
4506
4362
4299
3613
4497
4464
4488
4473
4509
4303 3728 2920
4511
4370
4470 4351
329
4503
4245
4514
4301 3806
4520
4410
4504
4391
4473
3759 3404
4519
3955 3499 3159
4526
4523
4524
4478
4529
4437 4339 4120
4528
4501
4532
4451
4374
3425
4527
4444
4547
4501
4523
4502
4549
4430
4460
4345
4432
4373 4144
4517
4453
4557
4556
4556
4496
4515
822
4558
4517
4565
4450
4536
4509
4566
4556
4559 4526
4533
4578
4486
4569
4561
4570 4487 4293 4014 3444 2733 2230
4506
4564
4521 4448
4547
4527
4586
4582
4420
4365
4600
4378
4589
4549
4601
4597
4602
4252 3903 2629 1382
4572
4496
4603
4461 4203 4086 3944
4561
4027 3649 2370 1407
4148
1712
4551
4543 4507
4587
4569
4568
3622 3245
4605
4411
4614
3588
4603
4587
4555
4533
4625
4583
4627
4393 4162
4632
4555
4633
1155 576
4605
4604
4637
4504
4630
4564
4507
853 194
4646
4248
4601
4502
4564
4464
4651
4644
4657
4551
4657
4635
4649
4528
4650
4597
4659
4398
4669
4105
4662
4644
4693
4418
4676
3760 3687
4684
2977
4618
3427
4395
3776
4703
4574
4703
4616
4689 4582
4651
4706
4686
4706
4593 4494
4698
4616
4717
4519
4714
4574
4693
3844 3289 1900
4629 4195 2475 1692 1425
4580 4224 3292 3149
4700 4578
4673
4708 4632
4673
4702
4650
4680 4560 4369 3967 3133 2115 1894
4539 4344
4699
4662
4699
4625
4724
4710
4727
4589
4709 4653
4411
4755
4609 4356 3724 3122 2195 1346
4754
4748
4764
4685
4748
4746
4765
4647
4558
4540
4753
4668
4774
4772
4771 4449 4029 3782 3473 3067
4757 4585 4540
4745
3624 3574
4766 4647
4724
4781
4413
4787
4695 4592 4408
4797
4723
4800
4686
4752 4649
4746
4736
4511
4790 4600
4754
4786
4566
4774
4668
4716 4687
4341 4191
4809
4674 4340 2804 2270 1850
4828
4465 4292
4685
4141 3531 3527
4823
4787
4823
4819
4765
3832
4709 4653
3135 2605 2336 1358
4843
4830
4562 4182 3375
3446
4822 4659
4710
4858
4853
4830
4819
4862
4854
4843
4831
4806 4261 4049
4788
4853
4831
4838 4702
4800
4888 4848
4475 4148
4538
4175 4040
4890
4723
4668
4395
4875
4840
4879
4865
4912
4613 4272 4198 4153
4913
4889 4810 4805 4423 4246 3956
4923
4034
4922
4863 4681 4524
4915
2251 733
4933
4901
4911
4464
4844
4428 2880 1745
4934
4398
4904
4840
4920
4854
4935
4904
4878 4858
4768 4721 4529
3718
2718 2673
4886
4094 2390 1467
4953
4899 4068 3317
4965
4671 3868 3452
4050 3691
2458
4895 4834 4291
4546 4313
4965
4901
4935
4885 4282
4968
2295
4933
4211 3792 3184 2168 2108
4969
4905 4818 3907 3354 3223
4971
4962
4970
4958
4970
4959
4947 3520 1534 891
4740 3875 3380 2228 1410
4924
4759 4732
4997 2760
4992
5000
4897 3918 3195 1429 349
5000
4943 4656 4367 3744
4982
1467
4969
4962
4949
4924
4990 3857 3373
4964
4928
3686
4954
4919 4775 4511
4984
4639 4614
4978
4936
5015
3532
5016
4971
5019 4849 4185 3763
4985
4995
2606
5031
4898 4862
4996 4837 4628 3126 1891
4924
5017
4672 4483 4459 4319 3678 3216 2676
5052
5016
5057
5035
5064
4986 4922
5022
3898 2846 2258 2184
5041 4958
4978
4796
4604
5078
4983 4783 4320 2690
5082
4583
5087
3728 2920
5064
5031
4907
4496
5091
3179
5101
5033 4972 4317 3191 2816 2077
5092
5085
5101
4961 4235 3496 3031 2247 1076
4131 3818
3146
5104
5023 4861 4355 4258
5003 4841 4421 3983 3447 2467
4960 4949
3590
2849 2460 1650
5119
5111
5074
4860 3173 3072
5114
4448
5132
5130
4796
4230 2997 2335
5130
5052
5060
4979 4634 4177
5098 4975 4826 4316
5007 4755
5118
5083
4857 1154
3896 3727
5110
5061 4808 4687
5127
638
5145
5104
5143 5078
5132
5146
5092
5152
5146
5155
4679 4646
5109 5069 4920
5035
5151
5149 4907
5157
5152
5128
3731 3427
5017
2458
4987 4652 4409
920 317
5169
3928 3752 1326
5177
5163
5178
98
5179
5151
5190
5121 5097 4974 4918 4797
4990 3857 3373
2019
5188
5038 4981 4959
5150
4591 3996 2637
5197
5090 5043 4941 4912
5204
5200
5202
4354
5211 5107 4623 3032
5089 4275
5160 4903 3915
5082
3806
3546 2255 1620 901
5219
5111
5204
3130 1522 1178
5156 5102
4490
5060
4734 4594 4568
5196
5022
5111
3047 2300 1794
5258
5188
5156 5102
4879
5240
5235
5184
5035
5271
5015
5164
4683 4433 3963 3547 3269
5267
4803
5283
4112 1275 886
5284
5255 5010 4753
5288
3976 3434 1931 1308
5233 5215 5059 4872 4610 4345
5145
5289
5235
5290
5287
5253
3645 1751
5140 3192
4611 4538
5290
5238
5298 5119
5296
5291
3920 2824 1325
5301
4427 4087 3717
5313
5219
5314
5216 4798 3617 2235 904 824
5272
5262 5241 5114
5312 5265 5138 4966 4737 4565
5292 5197
5324 5237 5163
5268
5328
5289
5341
5339
5283
5058 4874 3389
5300 4956 4694 4536
5128
5351
5173 4309 3484 2501
5358
5321
5353 5304
4954
5179
4890
5272
4621 4453
5338
5243 4781
5375 5351
5106 4663 4382
5378
4739 3340 2996
5370 5346
5164
5348
5341
5115 5074
3608 2463
5362
5337 5321
5388
5313
5386
5357
5361
4835 4532
5341
2478
5387
4484 3898 2846 2258 2184
5393
5314
5403
5144 5002 4917 4698
5402
5179
5418
5135 4128
5386
5347
5426
5246 5032 4056 2269
5408 5367 5364 5328
5388
5224
4832 3111 2229 1002 639
5431
5426
5412 4902 3125 2365
4677 4266 4245
5432
5110
5434
4639 4614
5409
4803
5347
3961 3239
5441
5293 4719 4312
5439
5075 4789 3953 3457 3267
5409
5398
5469
3748 3095 296
5470
5446 5381 4747 4270 2779 2608
5470
5444 5263 5013 4893 4357 4334 4331
5478
5460
5461
2251 733
5376
5342 5290
5496
4588 4349 4151
5506
5460
5223 5193 4780 4145
4473
5268
3145 2900 2429
5494
4999 4809
5508
5478
5520 5476
2276 1909
5491
4608 1697
5519 5333 4995
5398
5503
5150
5490
5409
5531
4644
5539
5508
5433 3442 3086
4489
5478
1951
5547
4644
5554
5537 5474 5442 5368 5205 5124 5066 4925 4183 3590
5560
5506
5549
5502 5429 5330 5224
5550
5500 5496
5553 5552
5540
5570
3592 262
5584
5540
5587
5565
5584
5578 5510 5491
5588
5565
5581
4007 3790
5585
5527 5320 5129 4938 4669
5556
3148 1489 536
5591
5585
5568 5503
4997 2760
5571
5272
5609
5607
5607
5315 4619 3583
5564
5372 5122 4821 4618
5579
5268
5591
5551 5545 5501 5374 5209 5077 4875
5524
4826 4316
5589
3915
5608
5417 5286 5054 4793 4479 3829 3598
5632
4472 2878 1920
5638
4799 4488
5644
4472 2878 1920
5624
3566 3201 2287
5659 5598 5505 5294 5225 5184
5652
5672 5640 5526 5310 5258
5671 5652
5667
5054 4793 4479 3829 3598
5666
4696 2073 2059
5686
3632
5691
5616
5631 5616
5380 5321
5709
5669 5626 5605 5336 5045 4914 4607 4296
5707
5637 5377 5055 4595 3940
5710
5709
5712
5710
5698
4509
5711 5705
5707
5665
5608
5636 5612 5588
4377
5727
5712
5705
5618 5606
5702
5618 5606
5742
5722 5682 5677 5665
5762
5760
5747 5742
5688
5763
4734 4594 4568
5768
5572 5094 4794 4295 3351 3215 2675
5735
5563 5400 5376
5769
4209 4139
5782 5758 5737 5723 5693 5564
5762
5769
5666
5717 5323 5238
3576
5757 5680 5596 5234 5157
5457 5430 5362
5793
5791
5688
5631 5616
5774
1679 877 470
5797
5029 4845 4468 3666 3262
5791
5698
5818 5583 5169
5805
5580 4251
5547
5792 5787
4800
5839
3374 1544 546
5840
5494
5844
5637 5377 5055 4595 3940
5835
5099 4392 3810
5625 5369 4076 4075
4320 2690
5833 5810
5792 5787
5851 5822
5618 5606
5846
5834 5646 5561 5422 5194 3400 974
5868 5866
4683 4433 3963 3547 3269
5851 5822
3726
5871
5835
5880 5295 5199 4238 2734
5879
5881
5794 5775 5719 5630 5538 5403
5118
2483 1338
5884 5883
5881
5889
5885
5902
5885
5893 5885
4959
5883
5220 4237 1826 347 208 101 73
5907
4892 1657 1112 198
5920
5913
5925 2239 875
5919
5920
5179
5938
4398
5939
5799 3791 3115
5941
5872 5520 5476
5944
5610 5316 5253
5948
5941
5957
5826 5577 4770 4731 4714
5962
5855 5360 5118
5966
4105
5970
5962
5980
5979
5980
5977
5946 5929 5918 5887
5181 4968
5991
5977
5989
4718 4212
5985
5893 5885
5979
5910 5862 5774
6003
5991
6002
5963 5948
5909 5697 5454 5281 5190
5861 4751 4259
6008
6003
6009
6008
6018
4053 4020
6011
3643 773
6019
5948
6024
6009
5984 5972 5970
5935 5907
6029
5407 5158 4835 4532
6047 4466 2359 775 590
6046 6045
6052
6051
6055
6053 6052
6051
6049
6055
4359 4150 2625 1024
6063 6062
5920
6065
5497 5179
6
0
5
2
53
33
38
13
27
8
83 67
74 60
49
25
143 82
0
49
38
60
43
162
150
146
15
87
40
217 2
7
145
104
244 207
134
185 99
141 119
203
112
142
80
216 94
106
171
91
300
145
148
80
210
144
393 142
21
258
81
271
16
298
109
322
125
130
44
331
42
371
351 197
481 273
0
477 11
379
408
319
415
384
427 106
94
363
256
469
340
362
160
233
61
467
257
520
442 315
496 405
206
647
551
554
458
758 581
524
539
476
737
696
539
417
594
60
831 822
353
580
21
798 726
239
640
446
643
395
720
50
671
180
678 482
109
761
541
660
593 553
497
83 67
298
225
585
158
759 712
540 479
743 484
409
553
502
625
356
588
487
846
390
842
682
417
291
471
203
843 563
97
660
588
646
503 219
640
553
972
890
676 629
329
629
323
719
709
556
377 210
441
319
929
676 629
888
809
948
443
906
773
976
809
912
357
595
493
785
450
735 234
505
828
600
779
524
756
523
954 409
484
1083
700
1064
1035
1053
455
563
280 111
806
802
946 719
854 709
946 719
203
587
492
1073 807
866
743 484
534
1210
507
914
614
964
471
1094 993
275 144
1131 923
171
839
778
1280
968
1116
808
497
486
1019
600
1290
111
846
158
703
645
1149
1022 721
1018
864
1366 603
578 349
1098
152
1419 716
1188
1085 1043 1000
556
927
240
938
509 110
1047 838
536
1319
896
1248
907
1191
110
1389
172
1580 1328
1267
1568
354 276
966
376
1200
466 199
1423
1415
857
838
1369
1260
1613
652
1660
1565
1304
929
1304
1196
1039 964
946 719
1399
1175
1433
727
1219 587
434
1193
525
1659 1037
539
1072 861 701
599
1560
1028
1021
855
1502
893
1489 536
1395
1125
431
1514
1070
940
450
1650
1013
1161
969
1637
1308
907
154
1197
958
1151
497
1675 1584
860
1404
1172
1506
675
1379
699 523
1221
1152
1301
1287
1582 1266
1560
469
393 142
1552 1225
1435
1158
1065 883
1059
908
1501 1158
571
1441
1089 577
1733 1080
693
393 142
345
1712
1060
1835 1723
1720 1498 1371
2005
587
1655
1208
1387
360
1406
838
1984
1607
1193
921
1651
1540
1200
1134
1661 1660
1207 675
1731
1517
1523
580
2004
1716
2073 2059
1316 576
1940
1617
1905
825
1710
1658
1988 1779
1972
1195
864
1553 1059
294
2083
520
1980
727
1617
795 245
1205
872
1315
698
2206 1927
575 433
1852
112
1692 1425
924
1692 1425
917
1975
1704
1363
943
1334
1333
2248 1323 97
111
1792
1167
2043
968
2239 875
751 530
1872
823 779
1872
767
1918
1435
1399
428 309
1990 968
520
1696 1237
774
1941
1623
1584
1317
2203
1894
1531
1190
1946
1269
1853
1387
1237
384
2248 1323 97
563
1675 1584
1272
2315
1379
1991
1318
1932
1533 1334
1418
691
1988 1779
86
1802
748
2025
703
1943
1590
1269
1227
2013
1297
2006
1517
2375
2179
1488
738
1922
1896
2068
384
1587
711
2200
2177
2283 1905
879
2016
1887
2321 1862
1965
2039
1782
1383
1010
2399 2093
1119 674
1947
1345
2333 1721
1077
2339
821 78
2416 1780 1351
2016
2457
1967
1646 1141
1436
2107
1542
1857
1791
1330
374
1984
1707
2002 1984
1382
1363
447
2269
1757
1870 1174
31
2199
1885
2253
637
2170
1804
2245
1688
1995
1985
2645 2025
1907 703
2424
2260 1713
1518
1245
2641
2022
2458
2304 2199
2511
1635 1122 358
2581
2446
2069
1787
2390 1467
1109
2526 1977
1432
2188
1593
2014
686
2687 544
200
1621
1308
2092
1245
2223 1858
1225
2610
2193 1896
1673
1656 627 68
1851 970
738
2014
1518
1515
1484
2715
1838
2816 2077
822
1490
1455
2836 2613 2348
1688
2741 2470
99
2869 2700
1819
2298
1605 1113 680 369
2872 2851
2093
2684 1644
1638
2615
1481
2330 1938
1206
2293
2038
2913 2832
1822 1602
2424
1488
2643 2424
1473
2563
970
2562
1420
2272
1943
2272
1906
2543
1369
2127
1851 970
2654 2267
506
2907 2899
2859
2493
2229 1002 639
2966 2632
1004
2797 2667
1626 1427
2281 1324 766
1430
2484
1632
2955
656
3012 2448 768
449
2705
2633 2404
2375
358
1689
1572
2805
2381
2113
1335 1209
2619 2391
2001
2496 1897 1218
1757
2983
2056
1683
431
2892
534
2412
1985
2768 2096
83 67
2768 2096
92
2440
1021
2657
1530
2958
2386
2635
2594 2392
1890 1767
389
2546
2076 1515
2444
1443
2292
1995
2939
2322
3043 2939
2061
2835 2161 1754
826
2775
2016
3043 2939
1348
2061
920 317
2454
1042
2568 452
418
2726
1438
1148
226 2
2729 2155
1956 1920
2938
2924
3161
629
2857 2671
2785
2883 2246
2656
2524
1876 916
2433
2245
1950
1746
3058
2580
2263 413
1992 1695 1299
3023
2986
3163
2571 1448
2572 1555
672
2845 876 850
435
3104 2943
2523 2105
3135 2605 2336 1358
1060
3199
2662
2663 2125
1630
2733 2230
2108
2921
1663
2580
2560
2657
1986
3153
1173
2578
1205
2781
2766 2120 1438
2994
2822
2038
2032 1801
2702
2403 2120 1438
3255 3035
2494 2169
2400 1960
408
2499
2009 1212
2958
2105
1214 943
192
3314 2611 1066
1336 1096
2533
2425
2978 2263 413
2892
3155 2583
1472
2392
1525 1337 789
2988
2890
2992
1517
2206 1927
2116
2509
2143 1689
2170
1694 742
2842 2527 2152
1030
2842 2527 2152
718
2842 2527 2152
1193
2663 2125
722
3357 3251
3072
2905
1731
2972
525
3263
2937
2926
2922
2481
2125
2883 2246
1250
2882
2444
2742
1433
2125
1739
3158 1579
2831 2750
3322
2715
3095 296
229
1503
1096
3337 658
357
3263
1812
3346 3214
1447
2580
2514 796
3458 2194
327
3462 1852
32
3501 2685
1919
1573 1220
501
2652
1801
3222
2348
2481
1299
1950
1791
3413 2622 609
2933 2560
2709
1261
3070
2966 2632
2236
1645
3045
2976
2431 1782
618
3250
1068
3587
3367
2884 1176 915
1785
2696 2367
2459 1974
3058
2826
3218
623
3293 2666 2623 1573 1220
725 324
3648 2227
971 859
3259 3124
961
3630
3429
3624 3574
2958
2819
2231 1536
2572 1555
1949 1311 851
3568 3440
3143
2843 2275 1621
1931 1308
3425
1240 1012
2922
1156
3665
3660 3055 2599 2322
3424
1889
3098 1782
1527
3271
2464 1950
3399
3241
3598
3423
3281 1088 339
1219 587
3792 3184 2168 2108
2108
3104 2943
2905
3182 2319 1808 1589 1494 1478
1272
2794 139
1314 602
1854 47
912
3811 3386 2530
3363 2595
3333
2082 1578
2870
2488
3478
2088
3522 2866
3446
1929
825
3158 1579
1743
3470 2819
1536
3470 2819
1615
2930
2069
3916 3356 2914
3116 2428
3334 3102
2929 2502
3159
3142 2916 2435
3877 3420
1841
3922 3758 3266
3487
3404
2618 1627
3900 3356 2914
3116 2428
3105
1666
3779 3277
2176
3443
3285
3859
1956 1920
3227 3090
3092 2850
3971 3895 3515
3560 3515
2771
1908
3864
3190 2525
3943
3399
3638 1046 259
136
3483
3120
3876 3601
2940 2932
1802
691
2872 2851
914
3838
2468 1727
3401 3177
3291
3230
2137 2011 1775
3818
2308
3501 2685
1964
3532
3457 3267
3313
2781
4090 3107 2897
3739
3892 3800
3491
2677 178 139
2306 1788
3753
3699
3346 3214
2800
4010 3575 1465
1977
2934 2716 1964
2685
3688
2992
3677
2999
3674
873
3568 3440
1419 716
2988
2691 1523
4111 4025
3665
3585
3433
3812
3177
4041 3766
3452
4041 3766
3342
3777 3540
2248 1323 97
3430 3102
1413
2689
2451
3885
3776
3499 3159
1499
3915
3754
4064
834
3288 3020
1918
3883
2996
2818
2303
3279
2283 1905
3521
3456
3811 3386 2530
677 216 94
3277
3145 2900 2429
2936 2445
2726
3845 1335 1209
2382 2113
3765 3717
3721
4215 4074
1764
3822
301 57
3605
3604
4239 3225
2911
3751
2330 1938
4269 4251
2270 1850
4251
1850
4137
3842 3206 2609
3412
2891 2507 2360 1860
3955 3499 3159
1586 1374
3220
2895 952 551
2360 1860
2218
4060 3551 2576
2856
3229 2837 1973
1995
3783
3740 3182 2319 1808 1589 1494 1478
2964 2856
2865 1852
3789
2349
3955 3499 3159
1998
4060 3551 2576
2464 1950
4328 3791 3115
1316 576
2794 139
439
1553 1059
217 2
3753
2057
3514 1854 47
3507 444
3507 444
912
2313
1920
3118 2195 1346
1217 812
3228 1564 992
2914
4335
3321
3337 658
1970 444
4332
1983
3489
3013
4341 4191
2977
2625 1024
1772 696
2796 2299 1742
915
4445 4372
4132 3699
3253 544
1668 844
4463 2050 951
3866
4257
2312 2058
4467 2925
4418
4417 3641
3794 3416
3595 2111 1954 1604
3188
4125
2797 2667
3426 2706 1426 1099
1976 1400
4389 3934
3045
3978 3736 3196
3839
3838
3074 2213 1036
4383
3257 3190 2525
4477 3785 3539 3261
635 135
4232
1871
4062
3071 1664
4353 2026 1211 789
940
4470 4351
188
3666 3262
3566 3201 2287
3475 3145 2900 2429
3063
4566
4495
3900 3356 2914
1783
4022
4006
4573 4572
4495
3900 3356 2914
3226
4021
3730
3196
2209
4130
1805
2533
1550 818 36
4000 1140 302 188
3474
4033
3927 3730
4005
3776
4393 4162
3908
3821 3494 3039 943
123
3883
2574
4044 2913 2832
2279
3984 2114 1320 427 106
2530
4696 2073 2059
4633
4358 3071 1664
4210
4693
2925
4405
4178
4471
4307
4351
3743 3502 3474
4470 4351
3474
3954 3888 3558 3100
3852 3826
4395
4009
4397 4180
2404
4403 4178
4397 4180
4684
4191
3647 3119 2456
3353 3019 2265 1669
4644
4586
4738 4503
4266 4245
4393 4162
4385
4734 4594 4568
4039 3622 3245
4627
4213
3544
3329 2782 1981 914
3218
3194 2861
4009
3334 3102
4817 1697
4064
4389 3934
2029
4307
2394
4214
1760
3226
3009 2953
3054
2708 2547 1777 762 705
4749 4685
3531 3527
4101
4053 4020
4712 3202 2333 1721
2750
4468 3666 3262
2421
4789 3953 3457 3267
3562
4478
1358
4332
3213 2704 1166
4877 4788
4049
4356 3724 3122 2195 1346
653
4611 4538
4040
3607 3116 2428
2914
4060 3551 2576
2009 1212
4286
2357 890
4326
4308 4091
4551
274 101 73
4788
4105
4767 4657
840 347 208 101 73
4704 4582
4625
4389 3934
1133 1083
3362 3101
3257 3190 2525
4993 4915
3394 2251 733
4856 3548
3038 1020 505
4647
3897
4992
2718 2673
4716 4687
3883
3701
3422 2176
4904
4866 4282
4670 4598 4534 3376 3066
3565
4960 4949
4732
4584 4101
3969
3936
3694
4306 4208
1050 972
4996 4837 4628 3126 1891
4732
4825 2969 2366 702
2965
4982
3721
4870 2005
816 339
3257 3190 2525
1722 1048
4755
4474 2132 1879
4709 4653
4475 4148
4985
1572
4844
4508 4343
4115 4026 3694
3349
2923
1047 838
5170 5067 5035
5109 5069 4920
4311
3522 2866
5181 4968
2672
4082
3089
5067 5035
4920
4849 4185 3763
2626 1849
5115 5074
3668 3072
3360 2767 1015
3322
4816 4372
3388 3081 2344
5046 4372
2344
4444
4127
4888 4848
4653
4848
4709 4653
5110
2682
4997 2760
3656
5213 4745
3783
4672 4483 4459 4319 3678 3216 2676
3898 2846 2258 2184
5072 4907
4572
4848
4796
4168 3999 3735 2955
4032 3658
4690 4095 1813 1687 1164 924
4641 2848 2129 830
5026 4844
4419 4096
3576
1815 1617
3877 3420
1047 838
5119
2845 876 850
4242
3032
5283
3866
5308 4278 3434 1931 1308
5288
4400
2440
4248
3270
5296
5111
5015
4611 4538
5155
4772
5200
3939
4377
3573
4955 4833 4604
2151
4012 3977 3853
1563 1189 412
5285 4820 4131 3818
2548
5278 4980 2283 1905
2303
5225 5184
5057
5308 4278 3434 1931 1308
1603 896
5271
3562
4520
2730
5255 5010 4753
2983
5285 4820 4131 3818
2418
5256 4879
5102
4926 3796 3464 3325
1560
4953
4906 4807 4520
5351
4663 4382
5338
5127
5251 5196
4514
4749 4685
3360 2767 1015
4855 3868 3452
4280
5196
4658 4301 3806
4736
4041 3766
5402
5344 4890
5424 5332 4327 4257
4257
5147 4977 4697 4271 4050 3691
2867 2438
5395 5348
5339
5299 5271
4886
5280 4735 4159 3615
1481
4575 4315 3421 3058
3746 2805
5304
4919 4775 4511
5421 5410 5164
5384 5346
5251 5196
3691
4985
2835 2161 1754
3957
2417
5466 2049 1290
2359 775 590
5032 4056 2269
119
5469
1052 752 47
5475 1391 233
5178
5459 5354 5291
4460
5313
2441
5480 5269 5047 4691 3295 2166
5418
5469
59
5469
3397 444
5469
451 229
5365 5347
5222 3961 3239
5275 4979 4634 4177
4039 3622 3245
3854
3745 3450 3198 2915
5468 5466 2049 1290
4466 2359 775 590
5387
3930
5407 5158 4835 4532
2501
5469
837
5455 5153 4749 4685
3344 2517
5322 4931 4865
4911
5509 4553 4376
5484 4376
4752 4649
4640 4388 4260 4127
5318 5198 5017
3806
5516 5119
3156 1806 876 850
5202
4977 4697 4271 4050 3691
5230 4366 3723 3563 3545 3431 3146
3635 3016
5432
5353 5304
5426
3894 1591 1385 650 150
5330 5224
2493
5148 4900 4725 4602
5021 4581 4515
5455 5153 4749 4685
4393 4162
4160 3084 2778 2596 2205
3509
4239 3225
3833
5439
4921 4886
5519 5333 4995
2542
5361
3484 2501
5496
3948
5573 5214 4809
5499 5494
5534 5503
5189 5150
5580 4251
3246 2020
5496
3797
4920
4258
5142 5026 4844
4705 4419 4096
5599 3790
5581
5271
5080 4094 2390 1467
5537 5474 5442 5368 5205 5124 5066 4925 4183 3590
5535 5420 5162 4713 4576 4244
5343 4744 4160 3084 2778 2596 2205
5192 4298 3510 3147
5248 5117 5009 4927 4640 4388 4260 4127
5212 4548 4429
5595 5571
4621 4453
5476
5187 3283 2219
5433 3442 3086
3130 1522 1178
4376
2129 830
5594 5539
1520
5610 5316 5253
4226 1751
5610 5316 5253
802
5610 5316 5253
2219
5540
4412 3709 2660
5656 5644
5632
5306 4276
4175 4040
4984
4404 3867 3147
5574 2224 232
3596
5664 5431
3910 650 150
5619 5604 5524
3377
5292 5197
4716 4687
5579
3692 3475 3145 2900 2429
5685 5681 5667
5608
4304
2389 1953 1842
5506
644 615
5567 5001 4336 4034
5222 3961 3239
5138 4966 4737 4565
5110
5674 5655 5624
5029 4845 4468 3666 3262
5191 4976 3700
4732
5413 4860 3173 3072
5230 4366 3723 3563 3545 3431 3146
1865 1141
925
4378
3966
5691
5362
5353 5304
4234
5638
4145
5232 5177
2844 2650
5486 5359 5248 5117 5009 4927 4640 4388 4260 4127
1737
5616
5445 5358
5590 5529 5521 5394 5183 4850 4590 4106 4071
2654 2267
5622 4488
4145
5509 4553 4376
5481 5120 4760 3862 3330 1588
5418
5047 4691 3295 2166
4645 4329 3614 2877 1583
4327 4257
5711 5705
5606
5695 3078 1699
5005 3790
5371 5169
2066
5242 4803
1426 1099
5727
4708 4632
5587
3957
5712
4559 4526
5204
4836 4409
5642 5389 5242 4803
5579
4919 4775 4511
3911 3712 3591
4397 4180
3557 2676
5752 5739 5472 5373 5134 4415 4264 3030 1062
5223 5193 4780 4145
5760
5737 5723 5693 5564
5701 5348
3310
5786 5461
3671 3347 2251 733
5667
4280
5752 5739 5472 5373 5134 4415 4264 3030 1062
3569 3404
5755 5744 4832 3111 2229 1002 639
4608 1697
5797
5624
5336 5045 4914 4607 4296
4800
5818 5583 5169
2134 1648 1107
5818 5583 5169
3358 1104
5475 1391 233
4989 4087 3717
5843 5839
5051 3374 1544 546
5701 5348
3380 2228 1410
5704 5679 5150
4701 3809 3419
5800 5021 4581 4515
5040 4463 2050 951
4726 3260 2358
3576
5020 4804 4784 4281
4993 4915
4717
4170 4037 3255 3035
5833 5810
4502
5727
5464 4655 4584 4101
5847 4741 3376 3066
3172 3037
5558 5231 4617 2917
5266 5028 3024 1524
5859 5617 5207 4950 4517
4825 2969 2366 702
5825 5735
5238
5459 5354 5291
4709 4653
5783 5383 4392 3810
4426 1376
5871
4426 1376
5835
5780 5767 5717 5323 5238
5867 5802 5749 5424 5332 4327 4257
708
4678 2728 2151
4426 1376
5607
4678 2728 2151
5835
2032 1801
5863 5358
5827 5688
5836 5795 5792 5787
5810
5867 5802 5749 5424 5332 4327 4257
5183 4850 4590 4106 4071
5846
5664 5431
5836 5795 5792 5787
5035
5760
5306 4276
5822
5363 5088 4542 3757
5740 5646 5561 5422 5194 3400 974
3894 1591 1385 650 150
4823
4307
5814 5726 5378
4851 3865 3657
5686
5539
5879
5751 5668 5589
5908 5531
5643 5580 4251
5477 5186 5037 4847 3609
2386
5741 5136 4928
3889 2352 884 666
5865 5617 5207 4950 4517
5703 5257 5249 4825 2969 2366 702
5923 5914 5828 5702
5606
4893 4357 4334 4331
4127
5251 5196
4827 4715 4705 4419 4096
5925 2239 875
3039 943
5825 5735
5498 5280 4735 4159 3615
5935 5907
5366 4782 1563 1189 412
5943 5938
4883 4710
5781 5732 5587
5437 5085
5852 5781 5732 5587
5829 5261 5085
5866
5763
5552
5493 5327 3379 1351
5958 3240 1608 1055 648
1610
5916 5670 5563 5400 5376
5786 5461
5495 3972
4174 4098 4062
5054 4793 4479 3829 3598
3573
5942 5858 5848 5768
5483 5083
5969 5967 5961 5821 5676 5220 4237 1826 347 208 101 73
5890 5821 5676 5220 4237 1826 347 208 101 73
5554
5525 5420 5162 4713 4576 4244
5969 5967 5961 5821 5676 5220 4237 1826 347 208 101 73
2158
5975 5944
5714 5610 5316 5253
5975 5944
5655 5624
5962
5131 3264 2483 1338
5960 5958 3240 1608 1055 648
5925 2239 875
5958 3240 1608 1055 648
5919
5989
2335
5965 5511 5137 4881 4207 2947
4676
5897 5862 5774
5635 5438 5305 5276 5240
5863 5358
4017 1501 1158
5722 5682 5677 5665
3328
5999 5990 5985
5902
5501 5374 5209 5077 4875
4696 2073 2059
5636 5612 5588
4913
5867 5802 5749 5424 5332 4327 4257
3380 2228 1410
5833 5810
4874 3389
4499
4352
5846
5839
5056 4476 4023 2325
3387 903 726
5441
168 42
5146
2567
5824 5542 5488 5252 4842 4352
4868 1704
5955 5400 5376
5840
6003
3643 773
5955 5400 5376
5947 4003
5894 5886 5875 5840
5823 5345 4481 3236 2863 2365
5560
5521 5394 5183 4850 4590 4106 4071
6021 5907
5962
5979
3177
5870 4859 4422 3788 3296
5363 5088 4542 3757
6024
6011
6025 6020 6011
6019
5570
5435 4401 3990 2745
5404 5349 5206 5062 4541 3053 1845
5393
6030 5891 5606
4712 3202 2333 1721
5829 5261 5085
4860 3173 3072
5959 5227 5025 4936
5691
6032 5966
5129 4938 4669
6032 5966
4877 4788
5899 5845 5221 4786
5627 3506 2963 2786 2740
5573 5214 4809
4792 4457 4046
5225 5184
4258
6024
5473 2300 1794
6019
4670 4598 4534 3376 3066
6006 6004 6002
5473 2300 1794
5490
5379 4931 4865
6041 6040 6029
5515 5173 4309 3484 2501
6041 6040 6029
5361
5038 4981 4959
4437 4339 4120
4340 2804 2270 1850
2618 1627
6032 5966
5971 5922 5860 5815 5793
5931 5566 5311 5171 4828
5817 5791
5748 5654 5227 5025 4936
5421 5410 5164
5999 5990 5985
4569
6043 6027 6015 5989
4763 974
6041 6040 6029
5741 5136 4928
6041 6040 6029
5893 5885
5997 5764 5629 5396 5093 4913
5218 4259
5799 3791 3115
5527 5320 5129 4938 4669
5357
4984
6041 6040 6029
5439
5808 5273 3794 3416
5244 3980 3597 2756
6014 5517 5423 4806 4261 4049
5121 5097 4974 4918 4797
4184 2180
1093
6016 5936 5887
5998 5572 5094 4794 4295 3351 3215 2675
6055
5959 5227 5025 4936
5920
5856 4353 2026 1211 789
6065
6064 6063 6062
