1 0 0 7.80568e-08
2 0 0 8.7168e-08
3 0 0 5.65774e-08
4 0 0 9.06081e-08
6 0 0 4.66916e-08
5 0 0 9.07837e-08
7 0 0 3.86816e-08
8 0 0 3.74795e-08
9 0 0 9.33401e-08
10 0 0 2.21748e-08
11 0 0 9.28411e-08
12 0 0 9.14949e-08
13 0 0 1.03788e-08
14 12 0 1.09161e-09
15 0 0 9.1077e-09
17 16 0 0
18 16 0 0
19 16 0 0
20 16 0 0
21 16 0 0
22 16 0 0
23 16 0 0
24 21 0 0
25 16 0 0
26 16 0 0
27 16 0 0
28 16 0 0
29 28 0 0
30 16 0 0
32 31 0 0
34 33 0 0
35 33 0 0
36 35 0 0
37 36 0 0
38 36 0 0
39 36 0 0
40 36 0 0
41 40 0 0
42 34 0 0
42 31 0 4.48203e-05
43 32 0 0
44 30 0 3.76598e-06
45 43 0 0
46 31 0 0
47 46 0 0
48 45 0 0
49 44 0 0
50 0 0 3.8131e-06
51 50 0 1.04529e-06
52 43 0 0
53 48 0 0
54 49 0 0
55 48 0 0
56 53 0 0
57 50 0 0
58 54 0 0
59 48 0 0
62 60 0 7.56071e-05
62 61 0 0.000123337
63 58 0 0
64 62 0 0
65 62 0 0
66 62 0 0
67 64 0 0
68 58 0 0
69 67 0 0
70 61 0 2.99364e-07
72 56 0 0
73 59 0 0
74 50 0 0
75 71 0 7.45293e-06
76 71 0 7.8326e-06
77 70 0 0
79 61 0 1.00869e-06
78 71 0 2.44684e-05
80 59 0 0
81 60 0 1.51014e-08
82 56 0 0
81 75 0 0.000482578
83 76 0 1.83928e-06
84 63 0 0
85 68 0 0
86 68 0 0
89 78 0 2.366e-08
87 68 0 3.21878e-05
88 74 0 4.20219e-05
90 50 0 0
91 77 0 0
92 78 0 0
93 78 0 7.01156e-07
94 73 0 0
95 76 0 0
96 91 0 0
97 79 0 0
99 88 0 0
100 83 0 0
101 82 0 0
102 98 0 2.55642e-05
104 76 0 0
103 98 0 4.11539e-05
105 98 0 0.000104726
106 85 0 0
107 80 0 0
109 102 0 0
111 87 0 0
112 95 0 0
113 110 0 1.56147e-05
109 108 0 0.000187116
110 108 0 0.000152553
114 98 0 5.21926e-06
115 88 0 0
117 87 0 0
118 103 0 0
120 94 0 0
119 116 0 0.000103668
121 105 0 0
119 113 0 0.000499888
122 119 0 0.000172732
123 105 0 0
125 101 0 0
126 92 0 0
127 102 0 0
128 103 0 0
129 119 0 1.50592e-05
131 119 0 1.46717e-05
130 108 0 3.19673e-05
132 118 0 0
133 90 0 0
134 111 0 0
135 103 0 0
136 106 0 0
138 116 0 9.03153e-07
139 87 0 0
137 124 0 0.000159643
141 137 0 0.000154859
145 93 0 0
144 141 0 5.22341e-05
142 100 0 0.000211598
140 100 0 0.000247026
146 110 0 7.29629e-05
148 91 0 0
150 141 0 1.059e-06
151 132 0 0
152 138 0 0
153 122 0 1.25805e-05
143 142 0 0.000295233
149 137 0 9.66784e-05
140 124 0 0.00104685
154 124 0 0
155 88 0 0
156 142 0 3.9572e-07
157 124 0 0
158 130 0 0
161 147 0 0
159 143 0 0.000205898
162 112 0 0
149 147 0 0.000670756
163 116 0 0
165 133 0 0
164 114 0 1.27391e-05
160 159 0 0.000290264
166 131 0 3.32242e-05
167 147 0 2.21721e-05
168 144 0 0
169 122 0 4.05896e-05
172 146 0 1.30185e-06
171 147 0 1.88916e-05
170 160 0 9.76801e-05
173 125 0 0
174 167 0 0
175 97 0 0
177 166 0 0
179 124 0 0
178 159 0 7.7338e-05
180 168 0 9.26343e-07
181 150 0 0
182 170 0 1.87009e-05
183 174 0 2.56017e-05
185 178 0 0
184 176 0 0.00025798
187 176 0 5.6124e-05
186 176 0 0.000179788
188 176 0 2.40286e-05
189 165 0 0
191 164 0 3.05321e-06
190 187 0 0.000199898
193 152 0 0
194 167 0 0
195 120 0 0
196 135 0 0
197 169 0 0
192 176 0 0.00037208
198 170 0 0
199 172 0 0
200 182 0 0
203 166 0 0
202 192 0 9.95609e-06
201 187 0 3.71786e-05
204 139 0 1.11585e-05
205 186 0 0
206 185 0 0
207 164 0 0
208 165 0 0
209 173 0 2.35486e-05
210 134 0 0
211 188 0 0
212 196 0 0
213 182 0 0
214 190 0 2.6492e-06
215 190 0 0
216 155 0 0
217 155 0 0
218 148 0 0
220 205 0 0
222 139 0 0
224 171 0 0
221 219 0 0.000355595
226 184 0 0
225 221 0 0.000134619
229 173 0 0
231 191 0 0
232 184 0 0
223 221 0 0.000651229
228 227 0 0.000464303
236 192 0 0
234 228 0 0.000154398
239 221 0 2.98502e-06
238 227 0 2.74419e-05
230 228 0 0.000520923
235 202 0 0.000229854
237 225 0 0.000180307
241 204 0 0
242 219 0 6.00691e-05
233 230 0 0.000447838
240 219 0 0.000153925
243 233 0 0.00019521
244 201 0 0
246 204 0 0
247 245 0 0.000101191
248 214 0 0
249 235 0 3.49814e-05
250 177 0 4.86365e-05
251 234 0 2.82403e-05
247 235 0 0.000470715
252 223 0 0
245 200 0 0.00537864
254 177 0 0
253 230 0 6.33368e-05
255 190 0 0
263 209 0 0
259 238 0 9.64561e-05
264 214 0 0
265 225 0 7.84286e-07
268 239 0 8.10802e-06
258 257 0 0.000299706
260 243 0 0.00028134
269 218 0 0
267 258 0 0.000207342
271 209 0 0
272 223 0 0
273 230 0 4.9784e-06
275 245 0 0
262 256 0 0.000462616
267 256 0 0.000603764
266 251 0 0.000323893
270 227 0 0.000116034
276 243 0 3.31593e-07
262 261 0 0.000589445
274 250 0 0.000166762
277 203 0 3.25352e-05
278 209 0 2.77892e-05
274 256 0 0.000760978
278 266 0 0.00261693
282 226 0 0
281 241 0 6.7634e-05
284 269 0 7.83241e-05
285 223 0 0
286 253 0 7.83534e-06
287 204 0 0
280 257 0 0.000408759
289 237 0 0
290 275 0 3.37349e-08
293 209 0 1.97298e-10
292 277 0 9.15498e-05
294 249 0 0
283 279 0 0.000693966
283 261 0 0.000855282
288 261 0 0.000353214
291 283 0 0.000282941
295 241 0 0
296 231 0 0
298 257 0 1.03857e-05
299 227 0 0
297 288 0 0.000231324
300 246 0 0
301 240 0 0
302 259 0 0
303 275 0 0
304 276 0 5.38253e-05
305 279 0 8.95041e-06
306 280 0 0
307 250 0 0
308 276 0 0
309 242 0 0
310 270 0 0
311 244 0 0
313 262 0 1.41644e-06
314 279 0 2.71341e-05
315 302 0 0
316 253 0 0
317 291 0 0.000139213
318 272 0 0
319 223 0 0
320 264 0 0
321 251 0 0
312 281 0 0.000907194
323 294 0 0
324 273 0 0
325 208 0 0
327 307 0 0
328 262 0 0
326 240 0 8.27659e-05
329 295 0 0
330 260 0 0
332 310 0 0
333 303 0 0
331 297 0 0.000199644
334 252 0 0
335 313 0 0
337 281 0 0
338 297 0 0
339 280 0 0
336 295 0 0.000135214
340 237 0 0
341 281 0 4.64245e-05
322 312 0 0.00121405
343 265 0 0
344 322 0 8.3984e-05
345 216 0 4.25368e-06
346 322 0 6.7309e-06
347 260 0 0
348 288 0 0
349 268 0 1.12436e-06
342 322 0 0.000617992
350 331 0 0
351 317 0 0
352 301 0 0
354 322 0 7.39269e-05
355 268 0 1.43829e-05
356 265 0 0
353 342 0 0.000233056
357 322 0 9.48013e-05
358 304 0 0
359 314 0 0
360 308 0 0
361 268 0 1.27164e-05
362 304 0 0
364 342 0 8.53077e-05
366 339 0 0
364 363 0 0.000633896
367 344 0 0
369 346 0 0
370 338 0 0
371 345 0 3.44794e-06
368 365 0 0.000422674
372 308 0 0
373 357 0 0
374 365 0 4.14399e-05
375 320 0 0
376 216 0 0
378 354 0 0
379 355 0 0
377 365 0 0.000713844
380 365 0 0.000696376
382 368 0 6.77065e-05
381 380 0 0.000548744
384 353 0 0
383 353 0 0.000231478
385 345 0 0
386 374 0 0
387 377 0 1.60792e-05
388 353 0 0
389 345 0 0
390 301 0 0
392 363 0 0
391 383 0 4.64768e-05
393 368 0 0
394 326 0 0
395 350 0 0
396 362 0 0
398 351 0 0
397 382 0 0.000148291
399 351 0 0
400 380 0 1.7979e-06
401 375 0 0
402 389 0 0.000354193
403 381 0 0
404 350 0 0
405 382 0 0
407 387 0 0
408 379 0 0
406 376 0 0.000126793
409 395 0 0
410 391 0 0
411 377 0 0
412 381 0 0
413 386 0 0
414 393 0 0
415 362 0 0
416 376 0 0
417 379 0 0
419 389 0 0
420 362 0 0
422 379 0 0
423 379 0 4.163e-06
424 410 0 0
421 418 0 0.000608798
425 400 0 0
429 386 0 0
430 402 0 0
431 418 0 0
427 421 0 0.000381655
433 397 0 0
428 426 0 0.00106685
435 301 0 0
437 421 0 0.000126186
440 403 0 0
432 428 0 0.00126824
439 434 0 0.000326184
443 404 0 0
444 430 0 9.07881e-05
446 381 0 2.18955e-05
447 423 0 0
439 426 0 0.0016898
442 434 0 0.00066605
452 406 0 0
454 415 0 0
438 436 0 0.0014725
448 432 0 0.000537015
451 442 0 0.000362781
445 436 0 0.00091917
455 415 0 0
449 418 0 0.000806544
458 405 0 0
459 381 0 0
457 441 0 0.000137039
462 434 0 0
456 449 0 0.000576215
461 427 0 0.000266242
460 453 0 0.000407306
464 426 0 0
465 402 0 0
463 418 0 0.000414839
467 418 0 3.71028e-05
468 410 0 0
469 428 0 3.13376e-05
470 397 0 0
466 438 0 0.00040542
471 421 0 8.44229e-05
473 426 0 0
457 445 0 0.00317208
453 441 0 0.00231437
476 460 0 0
472 436 0 0.000621465
478 431 0 0
479 452 0 0
472 450 0 0.00279065
475 449 0 0.000334649
480 401 0 0
481 427 0 0
477 438 0 0.000414768
482 450 0 0
483 436 0 0
484 405 0 0
486 466 0 0
488 444 0 0
489 432 0 0
485 441 0 0.000669716
487 438 0 0.000450983
493 442 0 0
494 464 0 0
495 450 0 0
497 432 0 0
490 471 0 0.000711255
499 410 0 0
492 475 0 0.00079186
504 455 0 0
505 430 0 0
474 466 0 0.00326212
506 462 0 0
496 448 0 0.00085811
491 490 0 0.00128933
508 477 0 1.19682e-07
507 500 0 0.000219251
509 453 0 0
507 501 0 0.000756478
510 445 0 0
511 438 0 0
514 448 0 0
515 493 0 0
516 441 0 0
513 455 0 0.000333538
518 478 0 0
520 474 0 6.1185e-05
512 474 0 0.000571849
522 443 0 0
525 488 0 0
526 501 0 0
503 502 0 0.00188888
527 506 0 0
528 486 0 0
524 503 0 0.00029414
519 512 0 0.000823082
521 498 0 0.000701847
521 513 0 0.00243346
529 498 0 0
532 500 0 2.72425e-05
530 492 0 0.000221389
533 497 0 0
534 448 0 2.21952e-05
535 523 0 0
501 498 0 0.00278578
535 452 0 0.00103601
531 491 0 0.000235312
537 457 0 0
532 527 0 0.0120272
517 502 0 0.00205863
536 517 0 0.000615265
538 525 0 0.000131406
539 394 0 0
541 481 0 0
542 503 0 4.64969e-05
544 478 0 0
540 519 0 0.00038723
546 461 0 0
547 447 0 0
545 505 0 0.000446241
548 475 0 0
549 447 0 0
550 460 0 0
543 515 0 0.000897793
554 502 0 3.50692e-05
555 521 0 0
556 512 0 0
557 503 0 3.1462e-05
558 474 0 1.66135e-05
560 485 0 0
562 530 0 0
564 538 0 5.66533e-05
552 496 0 0.000572886
549 545 0 0.037178
566 403 0 0
567 484 0 0
568 501 0 0
561 524 0 0.000669442
565 517 0 0.000447216
572 504 0 0
573 506 0 0
574 502 0 0
570 519 0 0.000294279
575 515 0 0
563 519 0 0.00128071
576 563 0 0.000183111
579 531 0 0
578 485 0 0.00018294
551 550 0 0.00242318
576 553 0 0.00240352
577 543 0 0.000413314
582 551 0 0
584 496 0 0
581 571 0 0.000223412
581 562 0 0.00125916
569 496 0 0.0015715
580 517 0 0.00049827
585 564 0 5.58085e-05
571 559 0 0.00251083
561 559 0 0.00766227
587 503 0 2.98128e-06
588 565 0 0
586 530 0 0.000159573
589 519 0 4.58744e-07
590 517 0 0
591 492 0 0
592 541 0 0
593 578 0 0
578 535 0 0.0153864
583 579 0 0.0015868
580 553 0 0.0196801
595 577 0 0
596 524 0 0
597 553 0 0
595 594 0 0.000553175
598 553 0 0.000132996
600 543 0 0
601 492 0 0
602 499 0 3.60437e-05
603 552 0 0
599 570 0 0.000307651
605 491 0 0
606 475 0 0
604 559 0 0.000859956
607 583 0 0.000139398
609 490 0 0
610 484 0 0
611 564 0 0
612 561 0 0
608 569 0 0.00152248
613 459 0 0
614 605 0 8.20898e-05
615 522 0 0
616 594 0 0
616 602 0 0.0578557
617 569 0 0.00027053
618 607 0 0.000306438
619 561 0 3.44147e-05
620 611 0 0
621 480 0 0
618 617 0 0.0595979
622 602 0 0
623 603 0 0
624 569 0 0
625 608 0 0.00016883
626 571 0 0
627 583 0 5.68598e-05
628 579 0 0
629 567 0 0
630 559 0 0
631 446 0 0
480 435 0 0.0607667
632 394 0 0
633 615 0 0
634 601 0 0
635 619 0 7.11107e-05
631 615 0 0.0432362
636 610 0 0
637 615 0 0
629 601 0 0.0653463
638 636 0 0
639 638 0 3.94538e-05
2 1 1 0
5 1 1 0
4 2 1 0
5 2 1 0
6 3 1 0
8 1 1 0
5 4 1 0
7 3 1 0
8 3 1 0
8 5 1 0
7 6 1 0
8 6 1 0
8 7 1 0
9 5 1 0
10 3 1 0
11 2 1 0
10 6 1 0
11 4 1 0
11 5 1 0
10 7 1 0
10 8 1 0
11 9 1 0
14 0 1 0
14 1 1 0
14 2 1 0
14 11 1 0
15 1 1 0
14 9 1 0
14 4 1 0
14 5 1 0
15 3 1 0
15 5 1 0
14 8 1 0
12 9 1 0
13 8 1 0
15 6 1 0
15 7 1 0
15 8 1 0
12 11 1 0
15 10 1 0
15 14 1 0
15 13 1 0
18 17 1 0
19 17 1 0
20 19 1 0
20 17 1 0
20 18 1 0
21 19 1 0
21 17 1 0
21 18 1 0
21 20 1 0
22 20 1 0
22 21 1 0
22 17 1 0
22 18 1 0
23 21 1 0
23 17 1 0
23 22 1 0
24 17 1 0
24 22 1 0
25 21 1 0
25 17 1 0
25 22 1 0
26 19 1 0
26 20 1 0
26 21 1 0
26 23 1 0
26 17 1 0
26 25 1 0
26 22 1 0
26 18 1 0
25 24 1 0
19 18 1 0
27 19 1 0
27 20 1 0
27 21 1 0
27 26 1 0
27 23 1 0
27 24 1 0
27 17 1 0
27 25 1 0
27 22 1 0
27 18 1 0
24 23 1 0
28 17 1 0
28 27 1 0
25 23 1 0
26 24 1 0
29 17 1 0
29 27 1 0
30 19 1 0
30 20 1 0
30 21 1 0
30 26 1 0
30 28 1 0
30 23 1 0
30 24 1 0
30 17 1 0
30 27 1 0
30 29 1 0
30 25 1 0
30 22 1 0
30 18 1 0
36 33 1 0
37 35 1 0
38 37 1 0
38 35 1 0
38 33 1 0
39 37 1 0
39 38 1 0
40 38 1 0
40 39 1 0
40 37 1 0
40 35 1 0
41 36 1 0
41 38 1 0
41 39 1 0
41 37 1 0
41 35 1 0
41 33 1 0
42 40 1 0
42 36 1 0
42 38 1 0
42 37 1 0
42 35 1 0
42 33 1 0
42 41 1 0
42 32 1 0
43 31 1 0
43 42 1 0
43 33 1 1.15996e-05
45 31 1 0
46 43 1 0
46 45 1 0
45 42 1 0
46 42 1 0
47 31 1 0
47 32 1 0
47 43 1 0
47 45 1 0
47 42 1 0
47 33 1 0
48 46 1 0
48 43 1 0
48 47 1 0
49 30 1 0
48 42 1 0
51 0 1 0
51 15 1 0
52 45 1 0
52 32 1 0
52 31 1 0
52 46 1 0
52 48 1 0
52 42 1 0
52 47 1 0
53 43 1 0
53 45 1 0
53 52 1 0
53 47 1 0
54 44 1 0
54 30 1 0
53 42 1 0
52 33 1 0
55 47 1 0
55 46 1 0
55 43 1 0
55 42 1 0
56 48 1 0
56 45 1 0
56 52 1 0
56 43 1 0
56 47 1 0
55 52 1 0
57 51 1 0
56 42 1 0
57 0 1 0
56 55 1 0
58 49 1 0
58 44 1 0
58 30 1 0
59 55 1 0
59 46 1 0
59 47 1 0
59 45 1 0
59 56 1 0
59 53 1 0
59 43 1 0
59 52 1 0
59 42 1 0
59 31 1 0
61 60 1 0
63 54 1 0
63 49 1 0
63 30 1 0
64 60 1 0
65 64 1 0
65 60 1 0
66 65 1 0
67 60 1 0
66 61 1 0
65 61 1 0
64 61 1 0
66 64 1 0
66 60 1 0
67 66 1 0
67 61 1 0
68 49 1 0
69 64 1 0
69 60 1 0
68 63 1 0
70 66 1 0
72 53 1 0
72 52 1 0
72 48 1 0
72 45 1 0
72 43 1 0
69 61 1 0
69 66 1 0
72 46 1 0
68 30 1 0
72 59 1 0
74 51 1 0
74 57 1 0
72 47 1 0
74 0 1 0
70 64 1 0
76 75 1 0
72 55 1 0
77 61 1 0
77 66 1 0
77 62 1 0
72 42 1 0
80 55 1 0
80 47 1 0
77 65 1 0
80 73 1 0
81 69 1 0
72 31 1 0
82 59 1 0
81 67 1 0
77 64 1 0
82 72 1 0
81 64 1 0
77 60 1 0
78 76 1 0
82 52 1 0
77 67 1 0
81 62 1 0
81 71 1 0
80 42 1 0
78 75 1 0
83 71 1 0
84 54 1 0
84 58 1 0
79 78 1 0
84 49 1 0
71 64 1 0
84 68 1 0
81 65 1 0
84 44 1 0
82 73 1 0
85 58 1 0
81 76 1 0
83 75 1 0
81 61 1 0
83 78 1 0
78 61 1 0
78 60 1 6.67596e-07
86 58 1 0
86 49 1 0
86 54 1 0
79 64 1 0
79 71 1 0.000126043
86 44 1 0
86 63 1 0
77 69 1 0
72 32 1 0
89 79 1 0
86 85 1 0
87 63 1 0
81 66 1 0
73 72 1 0
87 85 1 0
84 30 1 0
87 58 1 0
88 0 1 0
73 42 1 0
87 84 1 0
79 77 1 0
86 30 1 0
85 84 1 0
82 42 1 0
90 51 1 0
90 57 1 0
76 64 1 0
90 0 1 0
90 88 1 7.2825e-05
87 86 1 0
90 74 1 0
81 78 1 0
78 64 1 0
80 72 1 0
92 89 1 0
89 76 1 0
86 84 1 0
93 92 1 0
93 83 1 0
83 81 1 0
81 79 1 0
93 71 1 0
93 76 1 0
94 82 1 0
94 59 1 0
93 89 1 0
95 83 1 0
96 77 1 0
96 70 1 0
96 61 1 0
94 56 1 0
97 89 1 0
85 30 1 0
97 61 1 0
87 30 1 0
94 55 1 0
97 78 1 0
94 72 1 0
81 77 1 0
94 80 1 0
99 74 1 0
97 70 1 0
100 76 1 0
99 90 1 0
95 78 1 0
96 79 1 0
100 95 1 0
94 52 1 0
100 71 1 0
95 81 1 0
89 77 1 0
97 71 1 0
100 75 1 0
89 81 1 0
96 64 1 0
77 71 1 0
100 78 1 0
99 0 1 0
78 77 1 0
81 70 1 0
97 92 1 0
100 93 1 0
97 77 1 0
101 72 1 0
101 59 1 0
97 64 1 0
104 95 1 0
104 75 1 0
104 83 1 0
100 92 1 0
104 71 1 0
104 81 1 0
97 96 1 0
77 76 1 0
94 42 1 0
97 93 1 0
97 76 1 0
104 100 1 0
105 102 1 0
106 86 1 0
106 87 1 0
100 81 1 0
101 42 1 0
104 78 1 0
101 94 1 0
100 89 1 0
93 81 1 0
107 73 1 0
107 59 1 0
107 55 1 0
107 48 1 0
107 47 1 0
105 103 1 0
107 56 1 0
109 98 1 0
92 81 1 0
107 94 1 0
111 84 1 0
106 84 1 0
112 100 1 0
97 81 1 0
107 82 1 0
103 102 1 0
77 75 1 0
100 79 1 0
108 102 1 0
113 108 1 0
108 98 1 0
107 52 1 0
112 104 1 0
115 99 1 0
115 74 1 0
115 57 1 0
115 50 1 0
115 51 1 0
107 42 1 0
117 84 1 0
117 111 1 0
110 98 1 0
115 90 1 0
107 53 1 0
107 46 1 0
96 81 1 0
112 78 1 0
107 72 1 0
120 107 1 0
120 80 1 0
120 73 1 0
120 59 1 0
114 103 1 0
118 98 1 0
115 0 1 0
118 105 1 0
114 110 1 0
107 43 1 0
110 109 1 0
100 64 1 0
110 102 1 0
113 98 1 0
117 86 1 0
106 30 1 0
121 102 1 0
117 30 1 0
121 98 1 0
112 81 1 0
107 45 1 0
121 109 1 0
100 61 1 0
100 97 1 0
114 108 1 0
123 118 1 0
119 110 1 0
121 103 1 0
122 116 1 0
125 82 1 0
125 72 1 0
125 56 1 0
125 94 1 0
126 97 1 0
126 89 1 0
126 93 1 0
126 78 1 0
110 103 1 0
125 53 1 0
126 79 1 0
127 109 1 0
127 108 1 0
123 98 1 0
128 114 1 0
125 59 1 0
128 98 1 0
125 52 1 0
116 110 1 0
119 108 1 0
127 98 1 0
132 123 1 0
125 73 1 0
131 122 1 0
123 121 1 0
91 81 1 0
107 31 1 0
125 48 1 0
134 87 1 0
134 117 1 0
134 84 1 0
127 105 1 0
126 71 1 0
129 110 1 0
134 85 1 0
132 98 1 0
135 118 1 0
130 113 1 0
131 129 1 0
136 87 1 0
136 85 1 0
136 86 1 0
136 68 1 0
121 118 1 0
127 121 1 0
121 108 1 0
107 101 1 0
126 83 1 0
126 61 1 0
120 42 1 0
128 118 1 0
130 109 1 0
134 63 1 0
134 68 1 0
133 115 1 0
136 58 1 0
131 116 1 0
139 106 1 0
125 55 1 0
127 113 1 0
127 110 1 0
129 116 1 0
126 76 1 0
136 63 1 0
100 77 1 0
135 98 1 0
130 127 1 0
138 122 1 0
130 110 1 0
130 116 1 0.000319594
125 47 1 0
139 86 1 0
125 80 1 0
134 58 1 0
136 84 1 0
135 128 1 0
125 42 1 0
134 86 1 0
139 136 1 0
138 119 1 0
128 102 1 0
130 119 1 0
128 105 1 0
129 122 1 0
132 121 1 0
139 84 1 0
135 132 1 0
128 110 1 0
134 106 1 0
145 126 1 0
107 32 1 0
142 140 1 0
145 78 1 0
135 114 1 0
148 96 1 0
148 77 1 0
148 70 1 0
126 96 1 0
146 129 1 0
126 100 1 0
148 97 1 0
146 114 1 0
148 61 1 0
126 77 1 0
136 111 1 0
148 79 1 0
121 110 1 0
135 123 1 0
139 134 1 0
127 103 1 0
125 43 1 0
150 144 1 0
151 123 1 0
151 105 1 0
151 118 1 0
151 103 1 0
131 110 1 0
148 66 1 0
145 97 1 0
136 49 1 0
141 124 1 0
119 109 1 0
152 122 1 0
111 30 1 0
130 98 1 0
148 62 1 0
128 109 1 0
126 64 1 0
136 30 1 0
125 120 1 0
151 98 1 0
127 114 1 0
152 116 1 0
155 90 1 0
155 133 1 0
155 99 1 0
143 137 1 0
148 89 1 0
156 143 1 0
128 113 1 0
149 141 1 0
153 152 1 0
125 45 1 0
128 108 1 0
127 116 1 0
119 114 1 0
151 121 1 0
153 138 1 0
151 102 1 0
132 128 1 0
157 140 1 0
145 100 1 0
157 154 1 0
144 137 1 0
155 74 1 0
148 64 1 0
150 137 1 0
126 81 1 0
125 107 1 0
146 119 1 0
134 30 1 0
126 75 1 0
119 98 1 0
128 123 1 0
155 115 1 0
151 135 1 0
122 110 1 0
150 124 1 0
152 119 1 0
136 117 1 0
143 140 1 0
143 124 1 0.000299288
136 134 1 0
146 131 1 0
142 124 1 0
158 119 1 0
162 100 1 0
162 140 1 3.62488e-05
149 144 1 0
146 128 1 0
163 138 1 0
159 137 1 0
148 78 1 0
127 123 1 0
163 130 1 0
163 158 1 3.07589e-05
155 0 1 0
153 119 1 0
159 149 1 0
156 140 1 0
148 65 1 0
165 115 1 0
165 99 1 1.34142e-06
164 146 1 0
162 95 1 0
127 119 1 0
130 121 1 0
144 124 1 0
156 145 1 0
127 118 1 0
128 121 1 0
125 46 1 0
156 92 1 0
164 128 1 0
134 54 1 0
168 150 1 0
162 83 1 0
166 122 1 0
133 0 1 0
149 124 1 0
126 70 1 0
165 90 1 0
163 119 1 0
156 100 1 0
156 93 1 0.000278921
126 95 1 0
162 157 1 0
152 131 1 0
169 153 1 0
162 104 1 0
168 141 1 0
150 149 1 0
151 109 1 0
160 149 1 0
163 152 1 0
147 141 1 0
158 127 1 0
164 110 1 0
156 124 1 0
163 122 1 0
134 49 1 0
126 104 1 0
148 60 1 0
149 143 1 0
148 126 1 0
162 76 1 0
159 156 1 0
161 149 1 0
158 152 1 0
119 102 1 0
156 112 1 0
171 167 1 0
151 128 1 0
162 142 1 0
165 155 1 0
126 60 1 0
169 131 1 0
151 114 1 0
171 161 1 0
164 98 1 0
172 129 1 0
163 108 1 0
169 166 1 0
166 119 1 0
162 93 1 0
156 137 1 0
167 161 1 0
173 94 1 0
173 101 1 0
156 78 1 0
142 126 1 0
126 91 1 0
159 124 1 0
162 124 1 0
161 160 1 0
164 129 1 0
170 161 1 0
173 72 1 0
126 112 1 0
148 81 1 0
174 147 1 0
129 128 1 0
162 154 1 0
152 130 1 0
172 164 1 0
160 147 1 0
128 127 1 0
159 141 1 0
172 131 1 0
129 127 1 0
175 126 1 0
169 152 1 0
156 126 1 0
160 137 1 0
156 83 1 0
162 78 1 0
169 119 1 0
175 145 1 0
139 30 1 0
145 81 1 0
170 147 1 0
174 171 1 0
168 137 1 0
163 110 1 0
157 156 1 0
160 143 1 0
126 66 1 0
163 127 1 0
172 110 1 0
172 114 1 0
177 169 1 0
163 153 1 0
124 100 1 0
179 157 1 0
179 154 1 0
172 119 1 0
151 127 1 0
151 108 1 0
172 113 1 0
148 92 1 0
163 131 1 0
165 0 1 0
148 93 1 0
178 156 1 0
180 144 1 0
168 149 1 0
177 122 1 0
177 131 1 0
128 119 1 0
178 143 1 0
132 127 1 0
173 107 1 0
181 124 1 0
181 154 1 0
170 149 1 0
170 159 1 0
168 124 1 0
181 141 1 0
168 147 1 0
181 144 1 0
182 161 1 0
178 145 1 0
179 140 1 0
162 143 1 0
162 81 1 0
163 129 1 0
151 110 1 0
167 149 1 0
164 119 1 0
175 148 1 0
154 149 1 0
156 154 1 0
162 156 1 0
156 97 1 0
178 160 1 0
156 149 1 0
160 141 1 0
121 119 1 0
181 168 1 0
148 69 1 0
135 127 1 0
172 166 1 0
146 127 1 0
179 162 1 0
181 137 1 0
177 153 1 0
185 159 1 0
183 168 1 0
185 160 1 0
178 142 1 0
180 141 1 0
127 122 1 0
148 67 1 0
182 171 1 0
182 147 1 0
148 71 1 0
172 128 1 0
171 170 1 0
160 156 1 0
156 104 1 0
138 127 1 0
172 122 1 0
181 179 1 0
156 76 1 0
171 149 1 0
173 42 1 0
181 157 1 0
130 128 1 0
179 141 1 0
182 160 1 0
148 76 1 0
149 142 1 0
185 156 1 0
177 119 1 0
156 141 1 0
157 149 1 0
131 127 1 0
186 184 1 0
172 108 1 0
134 44 1 0
174 149 1 0
177 129 1 0
172 116 1 0
162 137 1 0
172 98 1 0
160 124 1 0
178 126 1 0
189 115 1 0
148 145 1 0
149 140 1 0
171 160 1 0
148 100 1 0
156 89 1 0
156 95 1 0
188 186 1 0
191 128 1 0
178 149 1 0
193 153 1 0
193 169 1 0
177 152 1 0
183 171 1 0
193 122 1 0
194 174 1 0
194 183 1 0
187 184 1 0
156 81 1 0
180 149 1 0
162 145 1 0
193 138 1 0
194 180 1 0
181 149 1 0
177 138 1 0
195 94 1 0
195 107 1 0
195 73 1 0
191 114 1 0
194 147 1 0
175 81 1 0
196 128 1 0
185 149 1 0
195 80 1 0
152 127 1 0
190 176 1 0
195 82 1 0
191 146 1 0
140 81 1 0
195 59 1 0
197 153 1 0
194 171 1 0
182 149 1 0
183 149 1 0
183 180 1 0.00111483
178 124 1 0
181 140 1 0
191 135 1 0
164 127 1 0
197 177 1 0
175 156 1 0
197 193 1 0
192 190 1 0
198 160 1 0
197 152 1 0
188 184 1 0
177 172 1 0
194 168 1 0
194 144 1 0
192 188 1 0
188 187 1 0
191 172 1 0
179 168 1 0
181 180 1 0
179 156 1 0
181 143 1 0
162 126 1 0
171 168 1 0
193 116 1 0
193 131 1 0
151 130 1 0
187 186 1 0
198 182 1 0
195 173 1 0
179 149 1 0
195 72 1 0
177 146 1 0
193 119 1 0
194 161 1 0
172 169 1 0
200 170 1 0
193 166 1 0
191 98 1 0
193 177 1 0
192 187 1 0
195 125 1 0
199 164 1 0
201 184 1 0
196 151 1 0
195 101 1 0
202 188 1 0
203 177 1 0
200 198 1 0
148 75 1 0
181 162 1 0
164 151 1 0
203 172 1 0
200 160 1 0
172 130 1 0
191 110 1 0
194 141 1 0
172 135 1 0
200 161 1 0
196 191 1 0
190 188 1 0
142 81 1 0
201 176 1 0
194 150 1 0
206 160 1 0
193 163 1 0
205 184 1 0
204 134 1 0
206 178 1 0
203 199 1 0
197 119 1 0
207 172 1 0
208 115 1 0
208 189 1 0
170 156 1 0
208 99 1 0
208 133 1 0
206 170 1 0
181 147 1 0
207 191 1 0
206 198 1 0
207 146 1 0
206 159 1 0
195 42 1 0
194 149 1 0
208 74 1 0
208 88 1 0
203 169 1 0
183 181 1 0
181 159 1 0
195 56 1 0
195 55 1 0
172 127 1 0
204 136 1 0
209 195 1 0
190 184 1 0
207 199 1 0
148 83 1 0
208 90 1 0
200 171 1 0
162 149 1 0
199 119 1 0
199 177 1 0
200 147 1 0
156 71 1 0
172 152 1 0
208 155 1 0
193 129 1 0
198 149 1 0
211 186 1 0
212 135 1 0
212 118 1 0
181 156 1 0
212 103 1 0
201 190 1 0
212 132 1 0
207 128 1 0
213 171 1 0
212 128 1 0
203 119 1 0
193 158 1 0
209 125 1 0
209 107 1 0
151 119 1 0
205 188 1 0
211 176 1 0
210 204 1 0
214 187 1 0
212 151 1 0
213 170 1 0
177 163 1 0
156 147 1 0
156 79 1 0
202 187 1 0
212 123 1 0
206 145 1 0
172 103 1 0
206 156 1 0
148 104 1 0
199 191 1 0
213 200 1 0
215 192 1 0
194 137 1 0
181 142 1 0
211 202 1 0
178 162 1 0
156 150 1 0
216 165 1 0
217 133 1 0
217 165 1 0
192 184 1 0
218 175 1 0
200 159 1 0
217 90 1 0
217 88 1 0
217 99 1 0
193 130 1 0
156 77 1 0
218 126 1 0
212 98 1 0
216 115 1 0
217 115 1 0
206 182 1 0
206 200 1 0
168 156 1 0
212 114 1 0
172 153 1 0
220 186 1 0
200 149 1 0
212 105 1 0
206 149 1 0
217 216 1 0
200 185 1 0
172 163 1 0
214 201 1 0
200 167 1 0
208 0 1 0
222 136 1 0
195 52 1 0
222 106 1 0
201 188 1 0
220 184 1 0
217 74 1 0
191 119 1 0
224 167 1 0
195 47 1 0
194 182 1 0
215 202 1 0
215 187 1 0
222 204 1 0
220 188 1 0
205 187 1 0
224 182 1 0
222 87 1 0
222 85 1 0
156 144 1 0
191 151 1 0
211 192 1 0
156 148 1 0
224 161 1 0
220 176 1 0
224 174 1 0
181 160 1 0
224 213 1 0
224 147 1 0
216 208 1 0
222 134 1 0
211 184 1 0
212 191 1 0
194 170 1 0
222 86 1 0
206 126 1 0
198 156 1 0
156 75 1 0
222 111 1 0
215 188 1 0
220 211 1 0
207 203 1 0
217 189 1 0
200 178 1 0
194 160 1 0
212 164 1 0
193 110 1 0
172 138 1 0
194 181 1 0
172 102 1 0
229 125 1 0
229 101 1 0
229 94 1 0
229 82 1 0
189 0 1 0
214 184 1 0
226 205 1 0
217 0 1 0
226 186 1 0
181 100 1 0
212 121 1 0
229 72 1 0
231 207 1 0
214 192 1 0
224 170 1 0
172 109 1 0
226 201 1 0
222 84 1 0
232 205 1 0
232 186 1 0
194 124 1 0
225 219 1 0
224 194 1 0
172 151 1 0
211 187 1 0
231 128 1 0
222 117 1 0
181 171 1 0
217 208 1 0
229 59 1 0
229 120 1 0
181 167 1 0
232 226 1 0
236 202 1 0
191 127 1 0
172 118 1 0
232 220 1 0
223 219 1 0
229 209 1 0
212 110 1 0
197 172 1 0
231 172 1 0
217 51 1 0
209 42 1 0
181 174 1 0
236 215 1 0
224 200 1 0
172 121 1 0
224 183 1 0
226 187 1 0
214 188 1 0
212 102 1 0
217 57 1 0
239 223 1 0
193 172 1 0
229 107 1 0
218 81 1 0
177 127 1 0
212 146 1 0
220 187 1 0
235 211 1 0
237 219 1 0
242 237 1 0
203 193 1 0
181 178 1 0
196 172 1 0
161 156 1 0
229 73 1 0
124 81 1 0
222 210 1 0
224 160 1 0
229 56 1 0
236 188 1 0
236 190 1 0
213 194 1 0
194 159 1 0
229 195 1 0
234 227 1 0
244 184 1 0
235 188 1 0
193 127 1 0
224 149 1 0
244 226 1 0
246 210 1 0
171 156 1 0
239 225 1 0
238 233 1 0
229 42 1 0
246 134 1 0
162 148 1 0
240 223 1 0
220 202 1 0
237 221 1 0
242 225 1 0
153 127 1 0
210 30 1 0
233 228 1 0
233 227 1 0.000191635
222 30 1 0
226 220 1 0
241 222 1 0
239 219 1 0
235 192 1 0
246 111 1 0
200 156 1 0
243 230 1 0
232 187 1 0
231 212 1 0
248 190 1 0
246 139 1 0
230 227 1 0
212 127 1 0
222 68 1 0
181 161 1 0
241 210 1 0
248 187 1 0
248 215 1 0
242 221 1 0
246 117 1 0
250 203 1 0
156 61 1 0
178 81 1 0
229 52 1 0
244 187 1 0
157 81 1 0
220 192 1 0
204 30 1 0
241 134 1 0
220 201 1 0
250 166 1 0
248 192 1 0
254 197 1 0
254 169 1 0
240 221 1 0
222 58 1 0
236 235 1 0
255 215 1 0
255 192 1 0
245 198 1 0
244 176 1 0
200 174 1 0
246 87 1 0
212 172 1 0
253 228 1 0
200 194 1 0
250 169 1 0
200 141 1 0
254 193 1 0
263 195 1 0
236 187 1 0
255 187 1 0
244 186 1 0
255 248 1 0
264 201 1 0
156 64 1 0
263 107 1 0
234 230 1 0
212 207 1 0
246 84 1 0
218 156 1 0
229 80 1 0
264 187 1 0
246 241 1 0
236 211 1 0
252 240 1 0
216 0 1 0
255 214 1 0
268 221 1 0
251 228 1 0
244 205 1 0
235 176 1 0
242 240 1 0
265 237 1 0
255 202 1 0
220 190 1 0
259 233 1 0
246 136 1 0
260 233 1 0
268 225 1 0
255 176 1 0
245 235 1 0
247 200 1 0
269 175 1 0
269 126 1 0
200 137 1 0
244 232 1 0
235 186 1 0
271 229 1 0
271 173 1 0
272 239 1 0
254 203 1 0
269 148 1 0
250 197 1 0
275 247 1 0
255 236 1 0
254 250 1 0
269 97 1 0
267 257 1 0
271 125 1 0
253 234 1 0
249 200 1 0
250 199 1 0
193 146 1 0
172 105 1 0
182 156 1 0
244 214 1 0
269 145 1 0
259 227 1 0
265 221 1 0
277 199 1 0
272 221 1 0
255 188 1 0
270 234 1 0
245 206 1 0
238 234 1 0
240 225 1 0
269 96 1 0
260 259 1 0
249 236 1 0
282 184 1 0
282 232 1 0
282 205 1 0
282 186 1 0
282 220 1 0
181 81 1 0
252 221 1 0
243 228 1 0
194 156 1 0
217 50 1 0
235 213 1 0
246 222 1 0
243 238 1 0
229 53 1 0
285 252 1 0
273 243 1 0
273 253 1 0
244 190 1 0
235 215 1 0
243 227 1 0
212 119 1 0
234 233 1 0
271 195 1 0
199 193 1 0
235 200 1 0
249 213 1 0.000916187
278 271 1 0
270 228 1 0
284 218 1 0
250 172 1 0
278 173 1 0
277 172 1 0
287 222 1 0
266 234 1 0
268 223 1 0
264 248 1 0
200 124 1 0
269 178 1 0
240 239 1 0
281 204 1 0
287 241 1 0
286 234 1 0
239 237 1 0
286 228 1 0
249 245 1 0
156 60 1 0
265 219 1 0
285 272 1 0
269 78 1 0
269 185 1 0
267 262 1 0
222 63 1 0
179 81 1 0
200 168 1 0
269 77 1 0
249 224 1 0
244 188 1 0
286 251 1 0
258 256 1 0
268 219 1 0
269 206 1 0
284 206 1 0.000243214
240 237 1 0
251 227 1 0
273 233 1 0
276 233 1 0
259 243 1 0
143 81 1 0
270 238 1 0
267 261 1 0
261 258 1 0.000629685
250 131 1 0
272 252 1 0
289 242 1 0
265 242 1 0
172 158 1 0
275 235 1 0
262 258 1 0
253 227 1 0
278 229 1 0
149 81 1 0
264 244 1 0
196 127 1 0
235 220 1 0
269 89 1 0
253 251 1 0
276 230 1 0
281 246 1 0
268 265 1 0
255 201 1 0
293 263 1 0
293 195 1 0
286 230 1 0
290 245 1 0
193 113 1 0
278 195 1 0
212 109 1 0
261 256 1 0
276 260 1 0
273 228 1 0
290 247 1 0
278 251 1 0
294 235 1 0
283 258 1 0
277 250 1 0
282 188 1 0
235 187 1 0
275 200 1 0
181 126 1 0
294 236 1 0
166 127 1 0
250 193 1 0
269 79 1 0
193 108 1 0
194 179 1 0
272 268 1 0
292 199 1 0
292 207 1 3.46099e-05
256 250 1 0
169 127 1 0
285 221 1 0
200 143 1 0
207 127 1 0
248 236 1 0
270 251 1 0
257 256 1 0
247 220 1 0
246 86 1 0
229 55 1 0
250 122 1 0
277 274 1 0
255 184 1 0
276 273 1 0
260 230 1 0
274 262 1 0
229 48 1 0
296 191 1 0
296 207 1 0
281 210 1 0
296 196 1 0
277 256 1 0
296 164 1 0
261 257 1 0
244 220 1 0
290 220 1 0
290 211 1 0.000251838
253 243 1 0
224 206 1 0
288 283 1 0
246 30 1 0
268 237 1 0
212 108 1 0
250 119 1 0
255 186 1 0
254 172 1 0
285 240 1 0
269 156 1 0
289 265 1 0
295 222 1 0
181 170 1 0
274 267 1 0
295 287 1 0
181 112 1 0
282 187 1 0
259 230 1 0
206 181 1 0
291 279 1 0
259 228 1 0
296 128 1 0
292 203 1 0
278 125 1 0
229 47 1 0
282 244 1 0
269 93 1 0
260 227 1 0
275 220 1 0
296 135 1 0
203 127 1 0
292 172 1 0
299 238 1 0
298 280 1 0
299 270 1 0
293 120 1 0
200 126 1 0
263 42 1 0
296 212 1 0
250 153 1 0
220 214 1 0
296 172 1 0
193 128 1 0
206 194 1 0
289 221 1 0
272 240 1 0
284 156 1 0
293 173 1 0
206 81 1 0
300 210 1 0
293 94 1 0
246 106 1 0
300 204 1 0
263 229 1 0
293 107 1 0
296 146 1 0
300 281 1 0
269 100 1 0
302 238 1 0
303 245 1 0
292 191 1 0
283 257 1 0
295 281 1 0
300 241 1 0
274 254 1 0
200 181 1 0
244 192 1 0
296 199 1 0
293 278 1 0
293 266 1 0.000323172
199 127 1 0
278 263 1 0
279 257 1 0
280 279 1 0.00082491
303 290 1 0
302 227 1 0
269 92 1 0
290 235 1 0
262 257 1 0
292 231 1 0
250 207 1 0
245 220 1 0
269 81 1 0
294 224 1 0
269 198 1 0
255 211 1 0
229 43 1 0
264 255 1 0
278 234 1 0
303 247 1 0
235 224 1 0
269 160 1 0
281 222 1 0
292 164 1 0
306 298 1 0
266 229 1 0
304 243 1 0
291 288 1 0
297 291 1 0.000220529
304 260 1 0
292 267 1 0
297 283 1 0
286 273 1 0
250 152 1 0
306 257 1 0
283 280 1 0
281 134 1 0
229 45 1 0
224 181 1 0
273 227 1 0
243 234 1 0
246 85 1 0
284 200 1 0
236 220 1 0
277 257 1 0
292 257 1 0.000165321
307 274 1 0
299 234 1 0
301 252 1 0
273 234 1 0
305 280 1 0
287 246 1 0
294 200 1 0
307 254 1 0
220 215 1 0
303 206 1 0
309 237 1 0
303 198 1 0
288 262 1 0
283 267 1 0
308 243 1 0
309 219 1 0
303 284 1 0
308 273 1 0
292 256 1 0
299 259 1 0
274 172 1 0
224 156 1 0
269 91 1 0
229 46 1 0
298 292 1 0
293 125 1 0
193 164 1 0
311 226 1 0
302 299 1 0
287 281 1 0
295 246 1 0
200 144 1 0
309 289 1 0
262 250 1 0
255 235 1 0
293 271 1 0
267 250 1 0
303 200 1 0
313 261 1 0
259 234 1 0
273 260 1 0
269 61 1 0
283 262 1 0
268 240 1 0
292 274 1 0
309 240 1 0
315 238 1 0
315 299 1 0
315 227 1 0
292 177 1 0
310 234 1 0
293 251 1 0
290 200 1 0
316 286 1 0
274 257 1 0
315 259 1 0
306 258 1 0
314 305 1 0
293 229 1 0
310 266 1 0
310 293 1 1.73848e-05
297 261 1 0
292 250 1 0
309 225 1 0
308 230 1 0
296 292 1 0
303 211 1 0
200 180 1 0
296 151 1 0
300 222 1 0
181 145 1 0
306 279 1 0
316 230 1 0
316 228 1 0
292 258 1 0
229 31 1 0
316 251 1 0
316 234 1 0
310 251 1 0
212 113 1 0
269 159 1 0
314 291 1 0
200 183 1 0
318 223 1 0
318 285 1 0
318 252 1 0
310 227 1 0
315 270 1 0
277 262 1 0
319 285 1 0
319 252 1 0
271 42 1 0
212 129 1 0
293 270 1 0
320 214 1 0
212 199 1 0
320 201 1 0
308 304 1 0
250 129 1 0
309 221 1 0
307 262 1 0
269 200 1 0
310 299 1 0
321 286 1 0
318 239 1 0
316 273 1 0
303 269 1 0
182 181 1 0
319 240 1 0
286 243 1 0
181 104 1 0
292 146 1 0
301 221 1 0
321 266 1 0
321 278 1 0
320 187 1 0
323 249 1 0
302 243 1 0
303 235 1 0
323 213 1 0
323 236 1 0
293 234 1 0
292 128 1 0
297 279 1 0
303 220 1 0
323 224 1 0
154 81 1 0
250 191 1 0
327 274 1 0
328 313 1 0
305 283 1 0
323 235 1 0
324 308 1 0
294 255 1 0
320 190 1 0
321 234 1 0
320 244 1 0
317 314 1 0
326 242 1 0
315 233 1 0
249 220 1 0
303 178 1 0
329 241 1 0
306 305 1 0
327 262 1 0
319 272 1 0
303 160 1 0
327 250 1 0
283 256 1 0
326 309 1 0
193 98 1 0
327 256 1 0
329 287 1 0
288 257 1 0
185 181 1 0
310 263 1 0
324 276 1 0
318 221 1 0
332 293 1 0
317 279 1 0
332 263 1 0
269 149 1 0
255 220 1 0
320 248 1 0
333 284 1 0
315 228 1 0
321 271 1 0
321 253 1 0
269 70 1 0
250 146 1 0
255 249 1 0
306 292 1 0
200 145 1 0
296 277 1 0
308 260 1 0
246 68 1 0
293 42 1 0
319 318 1 0
269 245 1 0
330 259 1 0
246 58 1 0
305 257 1 0
328 261 1 0
329 281 1 0
159 81 1 0
236 200 1 0
292 280 1 0
291 257 1 0
314 283 1 0
326 301 1 0
324 243 1 0
329 204 1 0
334 240 1 0
334 301 1 0
212 130 1 0
328 256 1 0
330 243 1 0
333 290 1 0
333 269 1 0
333 245 1 0
246 63 1 0
278 42 1 0
330 304 1 0
321 316 1 0
323 182 1 0
329 222 1 0
323 202 1 0
320 184 1 0
197 127 1 0
332 270 1 0
332 195 1 0
304 273 1 0
250 164 1 0
325 217 1 0
331 291 1 0
335 261 1 0
335 288 1 5.03202e-05
292 119 1 0
314 280 1 0
323 171 1 0
304 259 1 0
310 278 1 0
307 193 1 0
337 300 1 0
318 240 1 0
317 297 1 0
269 162 1 0
315 234 1 0
320 176 1 0
331 317 1 0
339 306 1 0
335 262 1 0
327 254 1 0
339 305 1 0
298 283 1 0
340 289 1 0
340 242 1 0
318 219 1 0
319 221 1 0
340 309 1 0
309 265 1 0
334 223 1 0
323 192 1 0
328 327 1 0
269 64 1 0
317 283 1 0
337 246 1 0
323 200 1 0
336 329 1 0
255 244 1 0
338 288 1 0
334 319 1 0
306 283 1 0
181 93 1 0
309 223 1 0
270 243 1 0
339 298 1 0
339 279 1 0
326 237 1 0
200 162 1 0
193 114 1 0
303 188 1 0
309 301 1 0
303 249 1 0
336 281 1 0
336 312 1 0.00027906
296 127 1 0
303 218 1 0
310 195 1 0
319 301 1 0
269 142 1 0
332 278 1 0
292 262 1 0
316 227 1 0
257 250 1 0
334 285 1 0
323 215 1 0
320 311 1 0
292 166 1 0
316 266 1 0
321 229 1 0
200 150 1 0
316 233 1 0
340 265 1 0
315 260 1 0
280 262 1 0
341 312 1 0
320 226 1 0
318 268 1 0
299 243 1 0
339 257 1 0
335 328 1 0
332 234 1 0
241 30 1 0
181 78 1 0
341 337 1 0
323 247 1 0
275 269 1 0
327 313 1 0
255 226 1 0
315 230 1 0
334 219 1 0
345 208 1 0
269 76 1 0
345 325 1 0
181 95 1 0
343 268 1 0
345 165 1 0
261 250 1 0
193 109 1 0
329 312 1 0
345 189 1 0
338 331 1 0
193 191 1 0
343 237 1 0
313 283 1 0
200 81 1 0
231 127 1 0
274 193 1 0
333 200 1 0
318 225 1 0
320 215 1 0
340 221 1 0
309 239 1 0
344 312 1 0
297 262 1 0
279 262 1 0
311 220 1 0
327 261 1 0
320 192 1 0
316 243 1 0
137 81 1 0
347 259 1 0
326 221 1 0
347 330 1 0
262 254 1 0
269 71 1 0
290 269 1 0
316 278 1 0
345 217 1 0
315 243 1 0
323 188 1 0
335 297 1 0
269 143 1 0
315 310 1 0
323 211 1 0
348 297 1 0
348 335 1 0
207 193 1 0
269 66 1 0
320 255 1 0
298 262 1 0
292 261 1 0
343 221 1 0
329 246 1 0
250 127 1 0
291 262 1 0
341 300 1 0
331 283 1 0
269 170 1 0
349 265 1 0
200 142 1 0
293 227 1 0
337 312 1 0
325 0 1 0
338 283 1 0
347 302 1 0
251 243 1 0
329 210 1 0
314 297 1 0
323 245 1 0
309 252 1 0
320 188 1 0
264 220 1 0
193 151 1 0
323 194 1 0
348 338 1 0
329 136 1 0
269 83 1 0
303 156 1 0
328 250 1 0
347 238 1 0
347 233 1 0
335 283 1 0
181 83 1 0
220 200 1 0
323 255 1 0
345 155 1 0
248 220 1 0
292 212 1 0
323 170 1 0
341 241 1 0
346 312 1 0
198 181 1 0
292 254 1 0
349 225 1 0
347 243 1 0
324 316 1 0
297 257 1 0
334 221 1 0
255 205 1 0
345 115 1 0
349 343 1 0
350 317 1 0
323 167 1 0
339 314 1 0
293 72 1 0
344 341 1 0
287 30 1 0
349 239 1 0
335 256 1 0
234 229 1 0
329 300 1 0
314 258 1 0
314 257 1 0
329 134 1 0
185 81 1 0
299 293 1 0
269 62 1 0
293 59 1 0
160 81 1 0
333 220 1 0
334 272 1 0
314 306 1 0
349 221 1 0
315 251 1 0
340 326 1 0
200 175 1 0
341 246 1 0
345 133 1 0
181 76 1 0
293 73 1 0
316 270 1 0
339 283 1 0
320 186 1 0
193 102 1 0
211 200 1 0
351 314 1 0
331 314 1 0
277 193 1 0
293 80 1 0
193 121 1 0
269 60 1 0
293 82 1 0
334 318 1 0
321 293 1 0
307 292 1 0
314 288 1 0
323 198 1 0
352 240 1 0
347 304 1 0
348 283 1 0
334 239 1 0
309 268 1 0
352 326 1 0
262 203 1 0
306 262 1 0
200 148 1 0
316 271 1 0
212 203 1 0
338 335 1 0
212 163 1 0
334 242 1 0
312 246 1 0
316 276 1 0
246 54 1 0
348 262 1 0
350 291 1 0
318 301 1 0
316 238 1 0
347 227 1 0
341 295 1 0
296 257 1 0
354 342 1 0
350 297 1 0
356 237 1 0
356 289 1 0
356 343 1 0
356 225 1 0
346 344 1 0
323 147 1 0
341 204 1 0
213 181 1 0
246 49 1 0
354 344 1 0
212 131 1 0
292 193 1 0
341 336 1 0
212 193 1 0
269 65 1 0
349 237 1 0
212 177 1 0
328 283 1 0
323 187 1 0
352 334 1 0
351 291 1 0
355 349 1 0
341 322 1 0
292 129 1 0
315 253 1 0
334 326 1 0
336 246 1 0
314 261 1 0
292 127 1 0
327 193 1 0
292 283 1 0
292 279 1 0
347 315 1 0
356 242 1 0
318 237 1 0
316 308 1 0
323 149 1 0
346 342 1 0
269 75 1 0
181 148 1 0
296 250 1 0
344 342 1 0
262 172 1 0
292 131 1 0
335 327 1 0
351 279 1 0
323 161 1 0
314 298 1 0
327 257 1 0
309 272 1 0
323 190 1 0
358 330 1 0
358 260 1 0
356 221 1 0
351 305 1 0
357 346 1 0
337 329 1 0
293 228 1 0
329 139 1 0
359 305 1 0
262 177 1 0
339 292 1 0
323 275 1 0
269 104 1 0
349 272 1 0
282 255 1 0
310 229 1 0
356 268 1 0
357 342 1 0
361 272 1 0
361 239 1 0
360 304 1 0
351 331 1 0
350 338 1 0
352 309 1 0
292 110 1 0
341 329 1 0
356 219 1 0
358 276 1 0
181 92 1 0
323 206 1 0
361 355 1 0
359 279 1 0
269 124 1 0
269 181 1 0
269 69 1 0
351 350 1 0
358 243 1 0
355 221 1 0
330 315 1 0
356 340 1 0
320 220 1 0
335 257 1 0
359 351 1 0
350 314 1 0
360 324 1 0
359 317 1 0
332 315 1 0
141 81 1 0
358 347 1 0
294 220 1 0
362 276 1 0
269 140 1 0
284 81 1 0
327 292 1 0
212 116 1 0
293 101 1 0
334 237 1 0
362 308 1 0
269 67 1 0
345 0 1 0
316 229 1 0
358 259 1 0
320 282 1 0
360 243 1 0
361 221 1 0
315 273 1 0
323 160 1 0
361 223 1 0
356 239 1 0
293 286 1 0
364 357 1 0
338 262 1 0
366 280 1 0
366 306 1 0
366 298 1 0
334 309 1 0
320 236 1 0
269 95 1 0
362 360 1 0
323 174 1 0
367 341 1 0
316 260 1 0
316 259 1 0
323 220 1 0
366 305 1 0
323 290 1 0
281 30 1 0
367 312 1 0
358 233 1 0
366 257 1 0
321 243 1 0
350 283 1 0
356 349 1 0
363 342 1 0
363 353 1 0.00020816
354 353 1 0
350 279 1 0
361 285 1 0
269 235 1 0
341 287 1 0
296 193 1 0
354 346 1 0
367 337 1 0
369 312 1 0
351 283 1 0
369 336 1 0
269 112 1 0
367 322 1 0
354 312 1 0
292 169 1 0
346 341 1 0
364 353 1 0
361 225 1 0
323 248 1 0
315 293 1 0
310 243 1 0
361 318 1 0
361 349 1 0
370 297 1 0
320 205 1 0
362 243 1 0
341 222 1 0
369 322 1 0
366 279 1 0
370 331 1 0
316 310 1 0
364 322 1 0
356 309 1 0
345 90 1 0
338 314 1 0
334 225 1 0
370 348 1 0
371 217 1 0
292 196 1 0
194 81 1 0
353 322 1 0
250 212 1 0
316 293 1 0
372 324 1 0
362 260 1 0
372 276 1 0
372 360 1 0
372 273 1 0
334 268 1 0
370 288 1 0
315 276 1 0
366 292 1 0
319 309 1 0
181 71 1 0
358 308 1 0
283 250 1 0
346 329 1 0
262 193 1 0
269 182 1 0
292 114 1 0
181 97 1 0
255 200 1 0
343 309 1 0
367 354 1 0
181 75 1 0
329 30 1 0
354 341 1 0
212 122 1 0
373 346 1 0
364 346 1 0
373 322 1 0
315 266 1 0
328 292 1 0
303 81 1 0
366 258 1 0
372 243 1 0
269 247 1 0
373 369 1 0
361 265 1 0
359 283 1 0
315 304 1 0
362 358 1 0
369 329 1 0
362 330 1 0
320 232 1 0
181 89 1 0
372 304 1 0
329 322 1 0
335 250 1 0
269 194 1 0
370 291 1 0
269 220 1 0
357 354 1 0
323 303 1 0
375 311 1 0
375 264 1 0
375 244 1 0
361 219 1 0
314 267 1 0
366 296 1 0
376 217 1 0
376 371 1 0
369 357 1 0
361 252 1 0
293 56 1 0
344 329 1 0
366 267 1 0
376 345 1 0
356 223 1 0
372 230 1 0
323 176 1 0
315 278 1 0
358 230 1 0
293 55 1 0
357 353 1 0
314 262 1 0
373 312 1 0
358 302 1 0
378 342 1 0
362 324 1 0
378 353 1 0
193 103 1 0
370 350 1 0
193 105 1 0
356 240 1 0
362 273 1 0
309 285 1 0
181 175 1 0
358 238 1 0
355 318 1 0
370 335 1 0
269 137 1 0
318 309 1 0
379 349 1 0
345 99 1 0
376 208 1 0
374 368 1 0
300 30 1 0
316 304 1 0
373 342 1 0
372 253 1 0
366 314 1 0
320 202 1 0
358 273 1 0
370 283 1 0
364 354 1 0
373 336 1 0
315 286 1 0
293 253 1 0
370 317 1 0
356 272 1 0
366 277 1 0
316 299 1 0
366 283 1 0
316 315 1 0
372 233 1 0
378 322 1 0
293 52 1 0
372 362 1 0
376 325 1 0
323 156 1 0
358 227 1 0
277 212 1 0
361 237 1 0
373 364 1 0
366 231 1 0
293 47 1 0
373 344 1 0
361 343 1 0
367 246 1 0
349 318 1 0
366 191 1 0
342 341 1 0
372 260 1 0
323 181 1 0
181 77 1 0
359 350 1 0
370 261 1 0
345 74 1 0
320 235 1 0
296 262 1 0
361 240 1 0
303 181 1 0
305 262 1 0
377 368 1 0
212 166 1 0
379 361 1 0
293 48 1 0
269 224 1 0
303 255 1 0
181 79 1 0
369 341 1 0
360 358 1 0
193 135 1 0
361 319 1 0
212 152 1 0
321 315 1 0
323 186 1 0
193 118 1 0
370 313 1 0
293 53 1 0
372 316 1 0
212 158 1 0
354 337 1 0
366 291 1 0
314 292 1 0
339 262 1 0
384 383 1 0
363 354 1 0
269 157 1 0
380 374 1 0
366 256 1 0
367 329 1 0
348 314 1 0
385 325 1 0
385 208 1 0
323 214 1 0
358 324 1 0
315 308 1 0
356 355 1 0
293 243 1 0
349 309 1 0
356 326 1 0
354 336 1 0
335 292 1 0
316 209 1 0
335 314 1 0
354 281 1 0
262 199 1 0
256 193 1 0
366 207 1 0
384 363 1 0
373 354 1 0
358 315 1 0
323 183 1 0
366 359 1 0
340 334 1 0
366 261 1 0
181 64 1 0
373 329 1 0
362 347 1 0
320 211 1 0
269 213 1 0
370 279 1 0
316 195 1 0
382 365 1 0
388 384 1 0
378 364 1 0
375 255 1 0
293 46 1 0
386 365 1 0
369 364 1 0
220 206 1 0
269 171 1 0
388 378 1 0
376 0 1 0
390 334 1 0
390 352 1 0
332 316 1 0
384 342 1 0
323 184 1 0
293 43 1 0
380 377 1 0
381 377 1 0.000336958
369 354 1 0
387 368 1 0
366 172 1 0
269 161 1 0
389 385 1 0
293 45 1 0
212 138 1 0
269 147 1 0
390 240 1 0
377 374 1 0
381 365 1 0
360 316 1 0
382 374 1 0
370 262 1 0
269 141 1 0
181 61 1 0
390 319 1 0
345 88 1 0
384 378 1 0
385 217 1 0
387 365 1 0
392 364 1 0
373 341 1 0
394 301 1 0
394 352 1 0
317 262 1 0
366 262 1 0
388 383 1 0
329 106 1 0
370 314 1 0
293 238 1 0
394 240 1 0
393 382 1 0
388 354 1 0
181 60 1 0
394 309 1 0
395 331 1 0
395 370 1 0
323 180 1 0
293 230 1 0
366 212 1 0
373 363 1 0
334 265 1 0
391 384 1 0
391 363 1 0.000510118
373 281 1 0
372 234 1 0
391 353 1 0
293 259 1 0
293 31 1 0
394 334 1 0
329 84 1 0
373 353 1 0
392 353 1 0
366 317 1 0
375 220 1 0
370 328 1 0
323 168 1 0
384 364 1 0
295 30 1 0
341 30 1 0
358 234 1 0
193 123 1 0
396 358 1 0
396 304 1 0
392 391 1 0
181 69 1 0
323 244 1 0
398 359 1 0
398 314 1 0
370 351 1 0
329 86 1 0
384 354 1 0
372 358 1 0
357 329 1 0
393 387 1 0
323 269 1 0
224 220 1 0
379 356 1 0
269 179 1 0
361 356 1 0
231 193 1 0
381 374 1 0
392 383 1 0
388 364 1 0
347 316 1 0
332 42 1 0
373 367 1 0
399 317 1 0
329 87 1 0
392 342 1 0
334 289 1 0
356 318 1 0
400 374 1 0
350 262 1 0
399 359 1 0
212 169 1 0
354 329 1 0
366 250 1 0
399 350 1 0
329 111 1 0
399 314 1 0
400 386 1 0
310 42 1 0
401 311 1 0
401 244 1 0
401 320 1 0
397 374 1 0
394 390 1 0
262 207 1 0
399 398 1 0
316 42 1 0
397 368 1 0
220 213 1 0
257 212 1 0
366 351 1 0
366 297 1 0
316 302 1 0
361 334 1 0
370 257 1 0
266 42 1 0
329 117 1 0
385 0 1 0
381 368 1 0
391 364 1 0
392 357 1 0
396 243 1 0
385 376 1 0
386 382 1 0
398 350 1 0
323 159 1 0
390 318 1 0
393 374 1 0
331 262 1 0
345 57 1 0
315 229 1 0
269 154 1 0
391 388 1 0
390 309 1 0
323 320 1 0
284 220 1 0
181 62 1 0
212 153 1 0
392 384 1 0
399 331 1 0
387 374 1 0
397 386 1 0
321 42 1 0
193 132 1 0
245 181 1 0
181 66 1 0
257 193 1 0
394 221 1 0
361 309 1 0
262 212 1 0
218 181 1 0
384 322 1 0
403 377 1 0
383 354 1 0
364 341 1 0
382 377 1 0
323 178 1 0
399 305 1 0
387 382 1 0
372 347 1 0
181 65 1 0
378 373 1 0
399 291 1 0
362 316 1 0
384 357 1 0
235 181 1 0
329 85 1 0
400 381 1 0
387 381 1 0
323 141 1 0
354 246 1 0
399 279 1 0
358 228 1 0
407 393 1 0
181 96 1 0
358 316 1 0
349 334 1 0
408 355 1 0
408 361 1 0
407 368 1 0
387 380 1 0
408 349 1 0
323 201 1 0
220 198 1 0
269 249 1 0
395 314 1 0
409 350 1 0
409 331 1 0
407 377 1 0
404 351 1 0
181 70 1 0
406 345 1 0
358 253 1 0
405 368 1 0
405 393 1 0
356 334 1 0
356 301 1 0
269 168 1 0
328 193 1 0
284 181 1 0
323 205 1 0
356 252 1 0
316 263 1 0
262 166 1 0
402 345 1 0
410 392 1 0
405 397 1 0
324 315 1 0
409 370 1 0
409 317 1 0
392 388 1 0
409 338 1 0
386 381 1 0
366 288 1 0
366 274 1 0
396 372 1 0
196 193 1 0
402 385 1 0
404 399 1 0
411 387 1 0
362 315 1 0
409 404 1 0
262 197 1 0
399 297 1 0
392 322 1 0
370 258 1 0
401 220 1 0
315 263 1 0
404 395 1 0
323 144 1 0
413 400 1 0
410 384 1 0
412 380 1 0
413 374 1 0
409 297 1 0
414 368 1 0
366 199 1 0
411 403 1 0
414 387 1 0
414 407 1 0
262 169 1 0
373 246 1 0
403 387 1 0
413 380 1 0
315 195 1 0
306 212 1 0
411 381 1 0
409 351 1 0
269 144 1 0
414 382 1 0
399 283 1 0
364 329 1 0
392 378 1 0
407 382 1 0
262 127 1 0
392 354 1 0
262 191 1 0
372 315 1 0
392 373 1 0
416 406 1 0
416 371 1 0
330 316 1 0
323 185 1 0
413 365 1 0
329 68 1 0
220 181 1 0
181 91 1 0
269 150 1 0
417 349 1 0
316 173 1 0
415 396 1 0
337 30 1 0
269 211 1 0
416 345 1 0
316 125 1 0
358 299 1 0
404 314 1 0
267 193 1 0
329 58 1 0
419 385 1 0
234 42 1 0
262 119 1 0
254 212 1 0
366 203 1 0
323 137 1 0
342 329 1 0
414 377 1 0
269 167 1 0
419 402 1 0
323 81 1 0
391 354 1 0
212 197 1 0
420 360 1 0
323 282 1 0
370 327 1 0
333 323 1 0
419 345 1 0
398 366 1 0
405 374 1 0
419 325 1 0
420 372 1 0
420 308 1 0
366 350 1 0
370 305 1 0
422 408 1 0
422 355 1 0
422 349 1 0
220 182 1 0
356 285 1 0
422 361 1 0
407 374 1 0
404 370 1 0
411 407 1 0
315 42 1 0
387 386 1 0
370 359 1 0
366 335 1 0
323 124 1 0
420 304 1 0
423 417 1 0
409 314 1 0
422 417 1 0
423 349 1 0
329 63 1 0
392 346 1 0
416 389 1 0
414 405 1 0
424 391 1 0
424 392 1 0
416 217 1 0
417 408 1 0
420 276 1 0
420 324 1 0
420 415 1 0
416 325 1 0
422 268 1 0
415 358 1 0
417 361 1 0
399 395 1 0
384 373 1 0
403 374 1 0
366 127 1 0
366 193 1 0
366 128 1 0
409 399 1 0
351 262 1 0
249 181 1 0
414 374 1 0
366 164 1 0
413 381 1 0
356 319 1 0
419 208 1 0
422 343 1 0
416 402 1 0
382 381 1 0
399 339 1 0
420 396 1 0
356 352 1 0
415 372 1 0
419 371 1 0
412 374 1 0
425 380 1 0
405 387 1 0
399 370 1 0
416 208 1 0
298 212 1 0
399 338 1 0
220 156 1 0
366 327 1 0
425 381 1 0
425 412 1 0
411 374 1 0
397 387 1 0
413 397 1 0
424 384 1 0
358 270 1 0
417 356 1 0
408 356 1 0
220 170 1 0
422 265 1 0
420 273 1 0
371 0 1 0
416 385 1 0
269 255 1 0
370 292 1 0
420 243 1 0
422 272 1 0
423 356 1 0
400 387 1 0
425 413 1 0
370 267 1 0
429 397 1 0
416 216 1 0
425 374 1 0
220 194 1 0
429 374 1 0
354 300 1 0
423 422 1 0
420 358 1 0
425 386 1 0
422 221 1 0
329 49 1 0
413 382 1 0
394 356 1 0
274 212 1 0
262 164 1 0
329 54 1 0
269 174 1 0
366 196 1 0
262 131 1 0
425 365 1 0
359 262 1 0
262 231 1 0
419 376 1 0
429 413 1 0
431 421 1 0
220 160 1 0
282 269 1 0
414 411 1 0
419 217 1 0
269 180 1 0
269 188 1 0
370 256 1 0
419 406 1 0
399 366 1 0
435 334 1 0
435 352 1 0
435 394 1 0
435 390 1 0
433 386 1 0
435 326 1 0
430 419 1 0
398 370 1 0
433 429 1 0
429 382 1 0
343 334 1 0
422 356 1 0
422 239 1 0
251 42 1 0
433 382 1 0
262 122 1 0
435 240 1 0
354 241 1 0
437 427 1 0
262 146 1 0
440 381 1 0
440 411 1 0
433 374 1 0
440 377 1 0
220 171 1 0
358 293 1 0
355 334 1 0
329 44 1 0
422 318 1 0
366 177 1 0
370 366 1 0
269 236 1 0
425 377 1 0
435 319 1 0
437 418 1 0
335 193 1 0
443 399 1 0
399 257 1 0
220 149 1 0
370 250 1 0
427 418 1 0
294 181 1 0
446 403 1 0
412 387 1 0
446 412 1 0
443 350 1 0
370 280 1 0
444 402 1 0
247 181 1 0
447 417 1 0
220 81 1 0
435 309 1 0
433 368 1 0
447 349 1 0
447 343 1 0
447 379 1 0
440 387 1 0
433 405 1 0
452 416 1 0
220 178 1 0
433 365 1 0
432 426 1 0
419 416 1 0
440 380 1 0
416 0 1 0
454 420 1 0
425 368 1 0
366 328 1 0
336 30 1 0
333 181 1 0
316 107 1 0
354 295 1 0
425 403 1 0
443 409 1 0
447 356 1 0
413 387 1 0
458 382 1 0
366 331 1 0
458 393 1 0
399 262 1 0
420 260 1 0
459 412 1 0
440 412 1 0
358 310 1 0
370 306 1 0
392 369 1 0
433 413 1 0
452 402 1 0
399 288 1 0
399 306 1 0
366 146 1 0
419 0 1 0
459 380 1 0
275 181 1 0
409 262 1 0
455 420 1 0
420 316 1 0
458 414 1 0
316 94 1 0
446 440 1 0
440 365 1 0
420 330 1 0
447 355 1 0
455 362 1 0
283 193 1 0
455 454 1 0
462 439 1 0
358 286 1 0
366 151 1 0
459 425 1 0
465 430 1 0
465 419 1 0
458 368 1 0
312 30 1 0
455 396 1 0
399 280 1 0
261 193 1 0
435 318 1 0
420 347 1 0
392 341 1 0
463 449 1 0
468 424 1 0
468 391 1 0
468 392 1 0
459 446 1 0
469 451 1 0
433 400 1 0
442 439 1 0
467 431 1 0
389 0 1 0
354 30 1 0
456 418 1 0
470 433 1 0
458 397 1 0
459 403 1 0
366 135 1 0
422 237 1 0
463 437 1 0
220 218 1 0
270 42 1 0
366 119 1 0
258 193 1 0
470 405 1 0
437 431 1 0
354 222 1 0
416 165 1 0
473 439 1 0
467 456 1 0
470 382 1 0
447 422 1 0
471 427 1 0
464 432 1 0
433 393 1 0
440 368 1 0
220 185 1 0
430 416 1 0
452 345 1 0
439 428 1 0
422 225 1 0
463 421 1 0
458 407 1 0
476 453 1 0
464 428 1 0
468 384 1 0
313 193 1 0
444 419 1 0
478 418 1 0
290 181 1 0
460 441 1 0
479 416 1 0
440 407 1 0
480 375 1 0
480 320 1 0
480 311 1 0
480 244 1 0
480 264 1 0
478 421 1 0
465 444 1 0
481 437 1 0
469 442 1 0
425 387 1 0
480 201 1 0
220 161 1 0
482 472 1 0
255 181 1 0
433 380 1 0
469 426 1 0
480 214 1 0
456 431 1 0
477 436 1 0
366 313 1 0
475 456 1 0
440 374 1 0
480 226 1 0
419 216 1 0
458 365 1 0
458 387 1 0
464 448 1 0
306 193 1 0
467 449 1 0
470 429 1 0
462 442 1 0
366 307 1 0
477 472 1 0
473 434 1 0
220 148 1 0
447 408 1 0
442 428 1 0
451 428 1 0.0020818
447 361 1 0
370 339 1 0
425 382 1 0
448 428 1 0
442 426 1 0
461 421 1 0
473 464 1 0
461 437 1 0
446 425 1 0
220 126 1 0
471 418 1 0
480 187 1 0
481 461 1 0
425 397 1 0
448 426 1 0
429 425 1 0
316 72 1 0
419 165 1 0
478 467 1 0
481 421 1 0
480 184 1 0
422 309 1 0
358 251 1 0
236 181 1 0
396 316 1 0
392 329 1 0
449 437 1 0
455 358 1 0
316 101 1 0
454 358 1 0
373 30 1 0
366 338 1 0
220 147 1 0
458 374 1 0
473 428 1 0
470 374 1 0
483 445 1 0
484 382 1 0
483 438 1 0
425 411 1 0
484 397 1 0
443 370 1 0
316 120 1 0
445 441 1 0
422 223 1 0
366 254 1 0
298 193 1 0
471 431 1 0
220 159 1 0
489 428 1 0
366 110 1 0
366 114 1 0
463 456 1 0
459 374 1 0
463 427 1 0
366 348 1 0
484 458 1 0
469 432 1 0
472 445 1 0
450 445 1 0.000994269
419 189 1 0
462 426 1 0
469 434 1 0
473 462 1 0
480 282 1 0
370 193 1 0
472 438 1 0
429 387 1 0
476 441 1 0
446 387 1 0
494 448 1 0
471 437 1 0
410 354 1 0
459 440 1 0
464 439 1 0
484 470 1 0
459 413 1 0
399 292 1 0
485 460 1 0
445 438 1 0
471 461 1 0
316 82 1 0
370 274 1 0
469 439 1 0
452 444 1 0
487 466 1 0
450 441 1 0
499 391 1 0
499 424 1 0
399 335 1 0
444 416 1 0
456 421 1 0
499 383 1 0
366 166 1 0
489 469 1 0
494 432 1 0
390 356 1 0
504 415 1 0
480 248 1 0
490 461 1 0
475 463 1 0
505 465 1 0
497 448 1 0
505 402 1 0
419 115 1 0
452 419 1 0
505 444 1 0
366 129 1 0
480 255 1 0
499 392 1 0
486 438 1 0
422 334 1 0
358 321 1 0
490 427 1 0
499 468 1 0
486 474 1 0
366 98 1 0
462 451 1 0
220 175 1 0
505 419 1 0
489 426 1 0
497 428 1 0
482 445 1 0
508 438 1 0
497 489 1 0
420 315 1 0
509 495 1 0
508 487 1 0
480 220 1 0
509 476 1 0
440 425 1 0
506 434 1 0
495 482 1 0
433 387 1 0
499 384 1 0
510 436 1 0
440 414 1 0
409 366 1 0
509 450 1 0
399 348 1 0
487 477 1 0
511 466 1 0
433 414 1 0
314 193 1 0
495 476 1 0
467 463 1 0
504 420 1 0
501 500 1 0
515 442 1 0
491 461 1 0
476 450 1 0
495 453 1 0.00152586
516 457 1 0
220 167 1 0
499 363 1 0
511 483 1 0
379 334 1 0
484 433 1 0
478 456 1 0
510 483 1 0
316 59 1 0
511 436 1 0
366 118 1 0
473 442 1 0
478 427 1 0
518 431 1 0
518 418 1 0
366 131 1 0
465 416 1 0
481 463 1 0
470 458 1 0
286 42 1 0
478 471 1 0
495 460 1 0
506 439 1 0
514 494 1 0
475 467 1 0
522 404 1 0
522 409 1 0
354 204 1 0
492 456 1 0
478 437 1 0
489 448 1 0
433 381 1 0
487 474 1 0
366 103 1 0
459 387 1 0
516 485 1 0
354 287 1 0
522 399 1 0
485 476 1 0
458 433 1 0
478 449 1 0
513 454 1 0
528 474 1 0
467 437 1 0
525 444 1 0
456 437 1 0
515 434 1 0
370 298 1 0
520 487 1 0
527 462 1 0
508 436 1 0
316 73 1 0
496 432 1 0
513 415 1 0
499 353 1 0
493 469 1 0
515 451 1 0
468 354 1 0
422 285 1 0
528 466 1 0
511 486 1 0
422 240 1 0
508 466 1 0
495 472 1 0
499 388 1 0
504 358 1 0
508 472 1 0
464 434 1 0
514 464 1 0
487 486 1 0
476 457 1 0
492 449 1 0
481 471 1 0
494 473 1 0
518 471 1 0
534 514 1 0
533 432 1 0
513 504 1 0
462 428 1 0
532 507 1 0
473 469 1 0
424 354 1 0
533 448 1 0
495 441 1 0
422 219 1 0
220 145 1 0
493 462 1 0
533 496 1 0
433 425 1 0
370 307 1 0
497 496 1 0
513 498 1 0
529 501 1 0
535 479 1 0
537 445 1 0
316 80 1 0
537 441 1 0
469 464 1 0
529 526 1 0
497 426 1 0
483 472 1 0
435 356 1 0
526 500 1 0
489 464 1 0
480 190 1 0
526 498 1 0
536 502 1 0
419 155 1 0
539 435 1 0
537 510 1 0
534 496 1 0
539 334 1 0
464 451 1 0
541 461 1 0
478 463 1 0
499 364 1 0
433 377 1 0
491 471 1 0
520 466 1 0
544 431 1 0
544 467 1 0
544 418 1 0
505 488 1 0
541 437 1 0
532 506 1 0
227 42 1 0
519 474 1 0
514 496 1 0
469 462 1 0
472 453 1 0
513 420 1 0
366 169 1 0
511 445 1 0
537 516 1 0
525 430 1 0
535 406 1 0
532 501 1 0
497 464 1 0
542 524 1 0
472 457 1 0
479 419 1 0
490 437 1 0
542 502 1 0
535 416 1 0
544 518 1 0
366 122 1 0
544 456 1 0
495 445 1 0
408 334 1 0
547 356 1 0
497 469 1 0
550 476 1 0
220 174 1 0
540 474 1 0
548 492 1 0
515 462 1 0
533 489 1 0
358 278 1 0
425 414 1 0
470 387 1 0
534 494 1 0
480 232 1 0
556 474 1 0
555 498 1 0
554 536 1 0
487 472 1 0
464 462 1 0
520 486 1 0
522 370 1 0
367 30 1 0
243 42 1 0
557 502 1 0
540 512 1 0
511 477 1 0
518 437 1 0
515 439 1 0
558 520 1 0
530 456 1 0
508 482 1 0
545 444 1 0
534 432 1 0
545 430 1 0
280 193 1 0
549 547 1 0
475 437 1 0
556 528 1 0
488 419 1 0
552 534 1 0
558 540 1 0
422 319 1 0
520 508 1 0
358 42 1 0
366 113 1 0
253 42 1 0
555 529 1 0
480 176 1 0
464 442 1 0
220 143 1 0
366 132 1 0
531 461 1 0
545 465 1 0
211 181 1 0
456 427 1 0
535 402 1 0
535 444 1 0
515 469 1 0
354 210 1 0
566 440 1 0
566 446 1 0
469 448 1 0
510 472 1 0
562 492 1 0
511 487 1 0
520 438 1 0
482 476 1 0
480 188 1 0
509 472 1 0
486 483 1 0
354 134 1 0
567 470 1 0
537 436 1 0
484 387 1 0
422 252 1 0
546 491 1 0
366 108 1 0
568 526 1 0
568 529 1 0
228 42 1 0
555 513 1 0
567 433 1 0
567 397 1 0
568 498 1 0
472 441 1 0
566 381 1 0
497 494 1 0
546 541 1 0
366 121 1 0
560 516 1 0
567 405 1 0
472 466 1 0
554 542 1 0
529 513 1 0
560 441 1 0
524 502 1 0
220 137 1 0
422 289 1 0
565 536 1 0
532 462 1 0
511 510 1 0
535 488 1 0
572 455 1 0
572 415 1 0
508 486 1 0
471 463 1 0
545 447 1 0
220 141 1 0
288 193 1 0
546 531 1 0
572 396 1 0
366 102 1 0
220 124 1 0
556 519 1 0
573 527 1 0
573 532 1 0
471 467 1 0
564 525 1 0
518 456 1 0
556 486 1 0
528 511 1 0
419 133 1 0
548 456 1 0
575 493 1 0
575 543 1 0
514 497 1 0
508 474 1 0
525 402 1 0
516 476 1 0
480 186 1 0
366 123 1 0
480 205 1 0
554 503 1 0
537 483 1 0
366 105 1 0
299 42 1 0
567 382 1 0
570 540 1 0
547 422 1 0
572 454 1 0
540 520 1 0
568 507 1 0
525 505 1 0
572 513 1 0
534 464 1 0
573 500 1 0
566 459 1 0
535 430 1 0
572 362 1 0
558 519 1 0
520 512 1 0
574 557 1 0
476 445 1 0
528 520 1 0
554 517 1 0
370 277 1 0
358 266 1 0
370 212 1 0
511 508 1 0
573 462 1 0
508 483 1 0
505 416 1 0
575 442 1 0
574 517 1 0
547 545 1 0
366 197 1 0
573 507 1 0
578 560 1 0
422 242 1 0
545 423 1 0
220 168 1 0
500 462 1 0
545 488 1 0
511 472 1 0
572 420 1 0
537 450 1 0
582 550 1 0
402 0 1 0
557 524 1 0
560 460 1 0
545 402 1 0
497 451 1 0
568 555 1 0
581 530 1 0
480 192 1 0
366 109 1 0
366 116 1 0
511 474 1 0
366 163 1 0
574 503 1 0
508 445 1 0
366 130 1 0
555 454 1 0
188 181 1 0
567 429 1 0
478 475 1 0
537 453 1 0
404 366 1 0
568 500 1 0
542 536 1 0
366 152 1 0
521 501 1 0
555 526 1 0
587 557 1 0
525 465 1 0
520 477 1 0
537 485 1 0
220 97 1 0
499 354 1 0
549 422 1 0
589 563 1 0
425 393 1 0
567 458 1 0
496 464 1 0
584 569 1 0
527 501 1 0
545 525 1 0
534 497 1 0
422 340 1 0
572 358 1 0
579 491 1 0
471 449 1 0
541 471 1 0
569 552 1 0
560 457 1 0
545 419 1 0
549 356 1 0
534 533 1 0
556 466 1 0
555 455 1 0
433 407 1 0
535 376 1 0
476 472 1 0
419 90 1 0
570 563 1 0
202 181 1 0
592 481 1 0
592 461 1 0
592 546 1 0
589 512 1 0
220 162 1 0
220 142 1 0
593 560 1 0
557 542 1 0
494 469 1 0
592 427 1 0
447 334 1 0
537 460 1 0
555 501 1 0
582 460 1 0
587 524 1 0
480 323 1 0
533 464 1 0
515 506 1 0
478 461 1 0
591 530 1 0
520 519 1 0
571 562 1 0
582 476 1 0
550 495 1 0
491 437 1 0
279 193 1 0
591 562 1 0
366 153 1 0
584 533 1 0
574 536 1 0
220 183 1 0
573 434 1 0
419 99 1 0
586 562 1 0
551 476 1 0
358 332 1 0
339 193 1 0
572 360 1 0
566 387 1 0
562 475 1 0
544 471 1 0
419 74 1 0
596 561 1 0
586 581 1 0
594 577 1 0
593 535 1 0
570 512 1 0
590 580 1 0
220 180 1 0
592 437 1 0
517 503 1 0
583 531 1 0
425 407 1 0
573 501 1 0
192 181 1 0
597 580 1 0
554 524 1 0
556 540 1 0
588 517 1 0
572 304 1 0
545 417 1 0
565 502 1 0
220 144 1 0
580 565 1 0
220 100 1 0
586 571 1 0
600 577 1 0
369 30 1 0
596 503 1 0
590 574 1 0
565 554 1 0
601 548 1 0
567 374 1 0
525 452 1 0
587 502 1 0
557 517 1 0
601 475 1 0
546 471 1 0
598 576 1 0
535 525 1 0
525 523 1 0.00173051
534 426 1 0
596 542 1 0
570 558 1 0
506 501 1 0
549 525 1 0
573 439 1 0
344 30 1 0
480 215 1 0
471 456 1 0
497 473 1 0
584 552 1 0
443 366 1 0
556 520 1 0
600 575 1 0
481 456 1 0
586 492 1 0
220 78 1 0
591 475 1 0
562 456 1 0
395 366 1 0
537 472 1 0
565 553 1 0
535 345 1 0
560 476 1 0
560 453 1 0
591 548 1 0
320 181 1 0
534 428 1 0
589 576 1 0
533 469 1 0
499 378 1 0
595 543 1 0
220 93 1 0
599 563 1 0
555 415 1 0
603 569 1 0
555 420 1 0
560 535 1 0
560 523 1 0.000954168
348 193 1 0
537 482 1 0
574 554 1 0
600 515 1 0
545 538 1 0
576 519 1 0
589 556 1 0
513 501 1 0
568 513 1 0
499 373 1 0
297 193 1 0
572 521 1 0
583 491 1 0
584 448 1 0
525 419 1 0
598 565 1 0
598 588 1 0.000956548
537 476 1 0
230 42 1 0
220 77 1 0
566 425 1 0
561 542 1 0
366 138 1 0
600 595 1 0
558 556 1 0
499 342 1 0
606 548 1 0
601 591 1 0
606 463 1 0
513 358 1 0
542 517 1 0
606 449 1 0
581 559 1 0
599 576 1 0
599 553 1 0.000954736
605 490 1 0
585 525 1 0
586 456 1 0
603 534 1 0
572 372 1 0
511 482 1 0
577 515 1 0
555 504 1 0
609 491 1 0
576 570 1 0
589 570 1 0
584 497 1 0
555 507 1 0
590 565 1 0
535 419 1 0
406 0 1 0
570 474 1 0
592 491 1 0
603 496 1 0
589 540 1 0
574 542 1 0
531 471 1 0
592 421 1 0
587 574 1 0
480 236 1 0
322 30 1 0
569 534 1 0
610 458 1 0
584 534 1 0
520 511 1 0
220 140 1 0
399 193 1 0
486 472 1 0
609 471 1 0
604 561 1 0
579 546 1 0
537 438 1 0
187 181 1 0
587 542 1 0
220 150 1 0
564 422 1 0
610 405 1 0
220 92 1 0
582 485 1 0
609 605 1 0
220 89 1 0
592 490 1 0
598 563 1 0
511 450 1 0
572 498 1 0
559 524 1 0
605 531 1 0
506 469 1 0
537 495 1 0
600 493 1 0
553 517 1 0
520 436 1 0
273 42 1 0
599 519 1 0
611 585 1 0
570 553 1 0
599 597 1 0
592 531 1 0
597 576 1 0
587 561 1 0
604 587 1 0.000492771
560 537 1 0
604 524 1 0
419 88 1 0
600 594 1 0
370 254 1 0
601 449 1 0
358 229 1 0
612 596 1 0
611 538 1 0
562 548 1 0
575 469 1 0
612 524 1 0
597 517 1 0
534 489 1 0
573 526 1 0
556 487 1 0
535 465 1 0
589 474 1 0
535 485 1 0
552 497 1 0
572 243 1 0
610 470 1 0
601 530 1 0
220 96 1 0
606 456 1 0
220 79 1 0
564 545 1 0
476 436 1 0
573 473 1 0
525 447 1 0
592 471 1 0
597 565 1 0
579 490 1 0
579 461 1 0
606 492 1 0
584 432 1 0
610 567 1 0
525 416 1 0
613 446 1 0
597 588 1 0
220 157 1 0
578 525 1 0
601 456 1 0
598 597 1 0
613 412 1 0
537 511 1 0
537 509 1 0
613 566 1 0
610 382 1 0
615 443 1 0
615 404 1 0
611 582 1 0
582 564 1 5.18827e-05
370 172 1 0
598 580 1 0
614 491 1 0
614 583 1 0.000103693
556 438 1 0
573 442 1 0
615 399 1 0
545 356 1 0
563 556 1 0
605 583 1 0
603 514 1 0
591 456 1 0
585 582 1 0
610 397 1 0
458 425 1 0
606 437 1 0
573 498 1 0
354 136 1 0
603 584 1 0
538 535 1 0
616 595 1 0
606 601 1 0
419 57 1 0
597 590 1 0
612 559 1 0
520 472 1 0
584 514 1 0
501 462 1 0
480 235 1 0
586 559 1 0
613 403 1 0
578 476 1 0
556 511 1 0
613 381 1 0
555 500 1 0
570 520 1 0
366 158 1 0
613 440 1 0
597 563 1 0
615 409 1 0
433 411 1 0
605 471 1 0
600 442 1 0
480 211 1 0
372 42 1 0
601 562 1 0
419 51 1 0
537 477 1 0
574 565 1 0
238 42 1 0
545 422 1 0
585 422 1 0.00376599
570 556 1 0
220 179 1 0
589 553 1 0
598 517 1 0
604 557 1 0
605 461 1 0
603 448 1 0
510 476 1 0
605 579 1 0
616 577 1 0
534 473 1 0
535 505 1 0
592 463 1 0
611 525 1 0
480 202 1 0
535 389 1 0
619 559 1 0
592 418 1 0
596 559 1 0
608 603 1 0
560 550 1 0
459 433 1 0
215 181 1 0
440 433 1 0
220 154 1 0
617 608 1 0
572 555 1 0
259 42 1 0
619 612 1 0
612 503 1 0
573 529 1 0
433 412 1 0
346 30 1 0
601 463 1 0
615 350 1 0
461 456 1 0
602 595 1 0
599 589 1 0
562 559 1 0
615 398 1 0
511 457 1 0
567 387 1 0
595 499 1 0
594 499 1 0.00051335
305 193 1 0
291 193 1 0
616 499 1 0
620 551 1 0
620 582 1 0
620 585 1 0
607 579 1 0
615 351 1 0
560 551 1 0
496 469 1 0
610 414 1 0
614 609 1 0
220 61 1 0
220 83 1 0
620 564 1 0
596 587 1 0
621 401 1 0
621 320 1 0
614 607 1 0
220 76 1 0
581 456 1 0
354 139 1 0
598 536 1 0
614 579 1 0
524 517 1 0
370 296 1 0
520 483 1 0
589 558 1 0
612 542 1 0
565 542 1 0
186 181 1 0
613 425 1 0
587 559 1 0
613 380 1 0
597 570 1 0
220 91 1 0
587 554 1 0
599 598 1 0
610 393 1 0
610 433 1 0
572 529 1 0
560 445 1 0
622 616 1 0
615 395 1 0
600 434 1 0
623 608 1 0
624 584 1 0
622 499 1 0
422 301 1 0
608 552 1 0
618 608 1 0
624 617 1 0
220 71 1 0
417 334 1 0
611 422 1 0
611 417 1 0.00036617
572 347 1 0
623 569 1 0
619 571 1 0
220 112 1 0
545 345 1 0
604 571 1 0
598 589 1 0
452 0 1 0
618 583 1 0
370 203 1 0
619 596 1 0
549 419 1 0
233 42 1 0
611 550 1 0
511 441 1 0
543 469 1 0
220 70 1 0
626 586 1 0
607 531 1 0
514 469 1 0
626 559 1 0
587 517 1 0
573 515 1 0
617 584 1 0
515 464 1 0
573 568 1 0
626 581 1 0
535 516 1 0
587 536 1 0
613 411 1 0
585 545 1 0
600 462 1 0
600 500 1 0.00192317
611 488 1 0
512 511 1 0
582 525 1 0
616 600 1 0
573 543 1 0
609 579 1 0
181 176 1 0
370 177 1 0
627 579 1 0
582 560 1 0
545 416 1 0
555 532 1 0
628 531 1 0
605 546 1 0
628 583 1 0
592 579 1 0
629 484 1 0
572 308 1 0
629 610 1 0
525 422 1 0
607 605 1 0
615 314 1 0
560 525 1 0
611 551 1 0.00557771
624 496 1 0
611 423 1 0
630 571 1 0
499 357 1 0
556 508 1 0
608 584 1 0
608 607 1 0
604 542 1 0
617 607 1 0
630 626 1 0
624 608 1 0
607 491 1 0
630 604 1 0
570 528 1 0
560 495 1 0
600 506 1 0
626 530 1 0
600 501 1 0
595 501 1 0.00176065
480 269 1 0
612 604 1 0
627 607 1 0
616 543 1 0
282 181 1 0
545 389 1 0
422 326 1 0
184 181 1 0
598 570 1 0
534 469 1 0
601 467 1 0
578 537 1 0
600 507 1 0
577 499 1 0
612 571 1 0
302 42 1 0
573 426 1 0
626 562 1 0
630 586 1 0
576 517 1 0
205 181 1 0
589 520 1 0
190 181 1 0
625 607 1 0
627 625 1 0.000769482
579 541 1 0
628 627 1 0
610 374 1 0
571 456 1 0
598 519 1 0
621 220 1 0
572 315 1 0
358 271 1 0
600 532 1 0
606 591 1 0
598 590 1 0
576 556 1 0
629 458 1 0
558 511 1 0
615 370 1 0
600 451 1 0
624 618 1 0
545 452 1 0
617 603 1 0
611 447 1 0
535 371 1 0
564 535 1 0
631 566 1 0
620 476 1 0
354 117 1 0
625 618 1 0
354 84 1 0
612 587 1 0
631 613 1 0
515 501 1 0
579 471 1 0
354 111 1 0
631 440 1 0
480 303 1 0
626 604 1 0
610 387 1 0
608 496 1 0
511 495 1 0
625 623 1 0
624 603 1 0
611 549 1 0
535 441 1 0
600 527 1 0
590 587 1 0
610 368 1 0
559 542 1 0
629 433 1 0
601 581 1 0
623 534 1 0
545 385 1 0
572 316 1 0
603 497 1 0
593 476 1 0
584 464 1 0
627 608 1 0
616 501 1 0
358 195 1 0
537 508 1 0
570 486 1 0
623 584 1 0
338 193 1 0
545 349 1 0
614 471 1 0
598 554 1 0
573 464 1 0
608 583 1 0
613 387 1 0
597 589 1 0
601 418 1 0
600 499 1 0
613 374 1 0
244 181 1 0
628 607 1 0
580 570 1 0
475 471 1 0
632 390 1 0
632 435 1 0
632 539 1 0
354 87 1 0
632 352 1 0
535 385 1 0
535 0 1 0
627 618 1 0
612 502 1 0
545 535 1 0
613 413 1 0
358 263 1 0
615 317 1 0
611 444 1 0
612 557 1 0
613 377 1 0
611 476 1 0
572 501 1 0
615 359 1 0
602 600 1 0
573 493 1 0
633 522 1 0
572 568 1 0
575 573 1 0
632 480 1 0
632 621 1 0
632 334 1 0
370 199 1 0
634 606 1 0
634 548 1 0
324 42 1 0
602 354 1 0
573 513 1 0
625 579 1 0
619 562 1 0
601 586 1 0
555 358 1 0
555 372 1 0
608 534 1 0
611 485 1 0
592 478 1 0
601 437 1 0
599 517 1 0
622 600 1 0
354 106 1 0
600 469 1 0
358 209 1 0
573 469 1 0
422 394 1 0
354 86 1 0
626 561 1 0
444 0 1 0
579 481 1 0
626 492 1 0
624 623 1 0
611 545 1 0
538 422 1 0
248 181 1 0
618 579 1 0
612 581 1 0
630 562 1 0
609 592 1 0
612 554 1 0
600 526 1 0
632 401 1 0
606 562 1 0
508 476 1 0
611 578 1 0
370 207 1 0
573 555 1 0
465 0 1 0
620 422 1 0
635 571 1 0
630 587 1 0
618 584 1 0
624 534 1 0
545 379 1 0
483 476 1 0
600 573 1 0
635 581 1 0
626 456 1 0
480 290 1 0
599 520 1 0
605 592 1 0
624 607 1 0
422 352 1 0
610 429 1 0
632 309 1 0
354 85 1 0
499 322 1 0
477 476 1 0
350 193 1 0
626 467 1 0
635 559 1 0
214 181 1 0
636 629 1 0
633 631 1 0
232 181 1 0
636 484 1 0
615 331 1 0
634 456 1 0
635 562 1 0
573 451 1 0
600 568 1 0
613 400 1 0
555 362 1 0
579 437 1 0
611 547 1 0
628 605 1 0
611 408 1 0
635 612 1 0
317 193 1 0
480 181 1 0
347 42 1 0
587 571 1 0
423 334 1 0
601 571 1 0
525 476 1 0
539 480 1 0
615 613 1 0
420 42 1 0
535 476 1 0
577 573 1 0
308 42 1 0
260 42 1 0
619 587 1 0
600 439 1 0
636 567 1 0
592 456 1 0
435 422 1 0
226 181 1 0
560 472 1 0
519 511 1 0
615 566 1 0
582 535 1 0
201 181 1 0
635 591 1 0
617 534 1 0
364 30 1 0
626 544 1 0
616 515 1 0
632 320 1 0
613 522 1 0
357 30 1 0
584 469 1 0
611 379 1 0
354 68 1 0
637 522 1 0
422 390 1 0
636 458 1 0
370 191 1 0
637 613 1 0
582 422 1 0
626 619 1 0
354 58 1 0
611 361 1 0
611 505 1 0
598 574 1 0
611 560 1 0
633 613 1 0
606 471 1 0
637 633 1 0
595 573 1 0
534 462 1 0
392 30 1 0
354 63 1 0
628 592 1 0
610 407 1 0
637 631 1 0
626 475 1 0
511 476 1 0
631 387 1 0
570 565 1 0
608 579 1 0
430 0 1 0
627 605 1 0
601 478 1 0
579 427 1 0
615 366 1 0
630 612 1 0
596 517 1 0
626 591 1 0
606 592 1 0
499 329 1 0
537 535 1 0
626 587 1 0
551 535 1 0
342 30 1 0
611 535 1 0
480 200 1 0
628 608 1 0
370 166 1 0
370 197 1 0
570 508 1 0
545 0 1 0
612 562 1 0
359 193 1 0
276 42 1 0
626 524 1 0
612 574 1 0
626 612 1 0
588 570 1 0
370 169 1 0
611 356 1 0
598 556 1 0
527 469 1 0
370 127 1 0
573 572 1 0
564 476 1 0
480 245 1 0
636 601 1 0
480 334 1 0
583 471 1 0
370 231 1 0
638 610 1 0
331 193 1 0
604 517 1 0
354 54 1 0
611 460 1 0
505 0 1 0
370 119 1 0
354 49 1 0
612 586 1 0
598 542 1 0
535 217 1 0
480 294 1 0
626 478 1 0
480 249 1 0
589 511 1 0
545 361 1 0
534 439 1 0
616 555 1 0
570 517 1 0
570 487 1 0
351 193 1 0
480 247 1 0
607 584 1 0
516 511 1 0
614 608 1 0
626 596 1 0
636 433 1 0
610 601 1 0
610 591 1 0
480 275 1 0
370 164 1 0
499 346 1 0
304 42 1 0
555 396 1 0
601 567 1 0
545 343 1 0
616 354 1 0
582 545 1 0
615 440 1 0
358 173 1 0
540 511 1 0
638 601 1 0
573 428 1 0
378 30 1 0
476 438 1 0
607 471 1 0
615 262 1 0
608 497 1 0
615 297 1 0
479 0 1 0
555 316 1 0
264 181 1 0
570 511 1 0
589 517 1 0
370 131 1 0
612 517 1 0
358 125 1 0
608 448 1 0
545 334 1 0
617 579 1 0
370 146 1 0
573 521 1 0
611 349 1 0
639 591 1 0
635 626 1 0
499 341 1 0
639 636 1 0
635 601 1 0
615 283 1 0
370 122 1 0
616 573 1 0
370 128 1 0
611 441 1 0
610 425 1 0
632 220 1 0
501 499 1 0
637 370 1 0
409 193 1 0
537 520 1 0
629 387 1 0
370 153 1 0
535 325 1 0
639 610 1 0
639 635 1 0.00141614
499 344 1 0
370 129 1 0
610 386 1 0
626 601 1 0
358 107 1 0
601 559 1 0
370 152 1 0
610 365 1 0
330 42 1 0
501 469 1 0
639 562 1 0
611 593 1 0
560 511 1 0
600 468 1 0
612 536 1 0
600 555 1 0
563 517 1 0
611 419 1 0
615 291 1 0
560 545 1 0
600 473 1 0
608 605 1 0
545 523 1 0
615 338 1 0
492 471 1 0
600 464 1 0
610 413 1 0
613 433 1 0
601 471 1 0
639 581 1 0
362 42 1 0
550 535 1 0
545 408 1 0
611 495 1 0
639 619 1 0
601 544 1 0
620 545 1 0
639 601 1 0
634 610 1 0
545 406 1 0
555 360 1 0
538 476 1 0
639 629 1 0
595 555 1 0
370 110 1 0
639 492 1 0
384 30 1 0
353 30 1 0
626 542 1 0
562 471 1 0
515 499 1 0
615 446 1 0
480 333 1 0
639 571 1 0
600 392 1 0
549 535 1 0
358 94 1 0
570 466 1 0
615 305 1 0
547 334 1 0
499 369 1 0
573 497 1 0
608 514 1 0
594 573 1 0
625 534 1 0
600 498 1 0
615 279 1 0
499 30 1 0
608 533 1 0
534 442 1 0
311 181 1 0
626 449 1 0
545 355 1 0
358 120 1 0
612 591 1 0
621 334 1 0
585 476 1 0
360 42 1 0
608 464 1 0
395 193 1 0
543 499 1 0
611 334 1 0
535 208 1 0
639 458 1 0
594 555 1 0
635 610 1 0
398 193 1 0
610 562 1 0
601 421 1 0
480 224 1 0
520 476 1 0
601 431 1 0
499 367 1 0
601 592 1 0
639 559 1 0
578 545 1 0
624 579 1 0
545 376 1 0
639 612 1 0
620 535 1 0
561 517 1 0
555 462 1 0
610 377 1 0
585 535 1 0
601 481 1 0
545 309 1 0
570 472 1 0
628 471 1 0
639 567 1 0
545 325 1 0
610 381 1 0
603 469 1 0
532 469 1 0
535 422 1 0
627 471 1 0
545 265 1 0
358 72 1 0
551 545 1 0
545 479 1 0
623 579 1 0
579 478 1 0
499 312 1 0
615 425 1 0
622 555 1 0
358 82 1 0
611 537 1 0
601 433 1 0
573 534 1 0
521 358 1 0
602 555 1 0
358 101 1 0
476 422 1 0
535 460 1 0
480 213 1 0
500 469 1 0
535 216 1 0
358 59 1 0
545 221 1 0
610 606 1 0
525 0 1 0
358 73 1 0
555 527 1 0
590 570 1 0
555 499 1 0
573 494 1 0
615 459 1 0
511 453 1 0
358 80 1 0
555 506 1 0
545 476 1 0
613 370 1 0
626 471 1 0
401 181 1 0
375 181 1 0
610 411 1 0
577 469 1 0
610 440 1 0
636 387 1 0
535 457 1 0
498 358 1 0
575 499 1 0
615 387 1 0
480 206 1 0
615 288 1 0
615 193 1 0
616 469 1 0
358 56 1 0
511 509 1 0
615 348 1 0
612 601 1 0
545 268 1 0
552 469 1 0
608 531 1 0
548 471 1 0
363 30 1 0
600 354 1 0
545 237 1 0
612 456 1 0
358 52 1 0
555 308 1 0
358 55 1 0
570 438 1 0
615 335 1 0
615 339 1 0
595 469 1 0
639 456 1 0
559 517 1 0
549 334 1 0
555 304 1 0
545 371 1 0
358 47 1 0
480 394 1 0
555 243 1 0
573 358 1 0
358 48 1 0
572 42 1 0
480 284 1 0
639 626 1 0
601 427 1 0
480 198 1 0
480 194 1 0
612 530 1 0
637 387 1 0
573 499 1 0
480 182 1 0
577 555 1 0
601 484 1 0
586 471 1 0
358 43 1 0
619 601 1 0
615 257 1 0
545 208 1 0
545 340 1 0
523 476 1 0
388 30 1 0
545 217 1 0
612 492 1 0
608 469 1 0
404 193 1 0
545 289 1 0
480 171 1 0
396 42 1 0
612 565 1 0
499 469 1 0
608 491 1 0
626 517 1 0
615 306 1 0
480 170 1 0
511 485 1 0
608 592 1 0
499 336 1 0
615 280 1 0
480 390 1 0
555 42 1 0
555 324 1 0
545 225 1 0
488 476 1 0
555 515 1 0
639 387 1 0
612 598 1 0
480 156 1 0
476 444 1 0
480 160 1 0
608 471 1 0
615 261 1 0
480 149 1 0
535 511 1 0
601 458 1 0
569 469 1 0
615 292 1 0
555 469 1 0
545 318 1 0
634 471 1 0
601 461 1 0
511 460 1 0
593 545 1 0
487 476 1 0
480 178 1 0
555 276 1 0
480 161 1 0
612 610 1 0
480 81 1 0
499 281 1 0
545 239 1 0
615 258 1 0
480 147 1 0
601 518 1 0
499 337 1 0
624 469 1 0
568 499 1 0
555 273 1 0
519 517 1 0
499 246 1 0
480 218 1 0
545 242 1 0
608 432 1 0
601 541 1 0
555 315 1 0
480 167 1 0
638 612 1 0
555 543 1 0
601 387 1 0
391 30 1 0
480 185 1 0
488 0 1 0
612 590 1 0
608 494 1 0
443 193 1 0
545 272 1 0
556 517 1 0
530 471 1 0
630 601 1 0
545 219 1 0
480 148 1 0
486 476 1 0
480 159 1 0
615 381 1 0
570 536 1 0
611 0 1 0
570 477 1 0
480 126 1 0
545 216 1 0
574 570 1 0
545 240 1 0
507 469 1 0
545 165 1 0
480 174 1 0
555 330 1 0
555 347 1 0
615 298 1 0
545 189 1 0
383 30 1 0
415 42 1 0
480 175 1 0
615 267 1 0
545 115 1 0
598 511 1 0
476 466 1 0
601 470 1 0
615 313 1 0
545 223 1 0
555 260 1 0
500 499 1 0
476 419 1 0
615 328 1 0
523 0 1 0
560 0 1 0
563 511 1 0
550 545 1 0
480 145 1 0
636 612 1 0
480 183 1 0
480 168 1 0
591 471 1 0
480 141 1 0
601 579 1 0
480 352 1 0
545 155 1 0
520 517 1 0
615 212 1 0
545 485 1 0
480 180 1 0
480 137 1 0
619 517 1 0
611 511 1 0
615 412 1 0
480 143 1 0
615 403 1 0
480 124 1 0
476 452 1 0
526 499 1 0
499 295 1 0
476 416 1 0
615 256 1 0
545 326 1 0
499 241 1 0
609 608 1 0
522 193 1 0
476 0 1 0
468 30 1 0
480 144 1 0
555 230 1 0
638 387 1 0
608 489 1 0
525 334 1 0
499 300 1 0
545 133 1 0
594 469 1 0
480 309 1 0
601 587 1 0
455 42 1 0
618 471 1 0
555 259 1 0
570 476 1 0
480 97 1 0
480 162 1 0
480 142 1 0
499 222 1 0
615 327 1 0
545 285 1 0
454 42 1 0
615 250 1 0
587 570 1 0
545 252 1 0
480 150 1 0
570 554 1 0
555 233 1 0
545 90 1 0
555 253 1 0
570 483 1 0
545 99 1 0
545 74 1 0
604 601 1 0
480 100 1 0
545 537 1 0
615 411 1 0
545 394 1 0
480 78 1 0
585 334 1 0
476 334 1 0
480 77 1 0
480 93 1 0
564 334 1 0
570 542 1 0
499 462 1 0
480 140 1 0
545 319 1 0
570 436 1 0
480 92 1 0
480 89 1 0
615 296 1 0
555 234 1 0
545 301 1 0
480 157 1 0
499 287 1 0
480 96 1 0
575 555 1 0
480 79 1 0
480 179 1 0
570 537 1 0
555 354 1 0
570 502 1 0
424 30 1 0
480 154 1 0
410 30 1 0
480 356 1 0
615 274 1 0
545 57 1 0
480 301 1 0
612 471 1 0
556 476 1 0
545 51 1 0
517 511 1 0
615 277 1 0
499 204 1 0
480 61 1 0
480 83 1 0
633 387 1 0
480 326 1 0
480 76 1 0
612 588 1 0
555 227 1 0
632 181 1 0
612 597 1 0
480 71 1 0
499 493 1 0
480 112 1 0
612 580 1 0
545 352 1 0
555 442 1 0
621 181 1 0
499 442 1 0
507 499 1 0
480 64 1 0
476 447 1 0
480 104 1 0
608 490 1 0
612 570 1 0
555 286 1 0
555 228 1 0
608 546 1 0
480 95 1 0
601 490 1 0
535 334 1 0
608 428 1 0
601 561 1 0
555 434 1 0
549 0 1 0
625 471 1 0
555 321 1 0
499 498 1 0
571 471 1 0
555 238 1 0
612 475 1 0
526 469 1 0
499 134 1 0
505 476 1 0
334 0 1 0
549 476 1 0
499 210 1 0
615 172 1 0
601 546 1 0
568 469 1 0
334 181 1 0
401 334 1 0
555 293 1 0
615 307 1 0
529 499 1 0
555 302 1 0
555 439 1 0
334 220 1 0
581 471 1 0
623 469 1 0
479 476 1 0
578 0 1 0
334 320 1 0
608 461 1 0
532 499 1 0
555 464 1 0
555 473 1 0
419 334 1 0
476 474 1 0
570 445 1 0
476 430 1 0
615 374 1 0
612 387 1 0
498 469 1 0
608 426 1 0
615 380 1 0
612 548 1 0
555 251 1 0
615 377 1 0
447 0 1 0
615 207 1 0
499 136 1 0
639 471 1 0
615 203 1 0
608 573 1 0
615 191 1 0
505 334 1 0
615 231 1 0
608 473 1 0
555 270 1 0
617 469 1 0
538 0 1 0
422 0 1 0
499 139 1 0
528 476 1 0
513 42 1 0
572 469 1 0
615 199 1 0
615 254 1 0
506 499 1 0
610 471 1 0
555 299 1 0
615 433 1 0
555 493 1 0
555 278 1 0
538 334 1 0
504 42 1 0
615 177 1 0
476 402 1 0
612 606 1 0
620 334 1 0
602 469 1 0
593 0 1 0
630 471 1 0
555 229 1 0
555 310 1 0
612 478 1 0
559 471 1 0
582 334 1 0
547 0 1 0
555 30 1 0
375 334 1 0
499 84 1 0
570 557 1 0
499 117 1 0
499 111 1 0
476 417 1 0
612 467 1 0
615 413 1 0
555 266 1 0
499 87 1 0
570 482 1 0
615 127 1 0
499 106 1 0
615 164 1 0
564 0 1 0
529 469 1 0
555 392 1 0
444 334 1 0
499 86 1 0
555 384 1 0
622 469 1 0
527 499 1 0
615 128 1 0
558 476 1 0
629 612 1 0
499 85 1 0
615 400 1 0
602 30 1 0
499 434 1 0
476 465 1 0
537 0 1 0
615 119 1 0
615 166 1 0
617 471 1 0
615 146 1 0
572 499 1 0
612 544 1 0
513 499 1 0
499 68 1 0
499 451 1 0
615 196 1 0
499 58 1 0
555 271 1 0
499 63 1 0
521 499 1 0
476 423 1 0
634 612 1 0
555 534 1 0
570 510 1 0
615 169 1 0
616 30 1 0
570 450 1 0
612 449 1 0
615 197 1 0
615 131 1 0
615 129 1 0
615 365 1 0
615 151 1 0
624 471 1 0
555 451 1 0
555 391 1 0
547 476 1 0
615 110 1 0
522 387 1 0
615 135 1 0
476 406 1 0
615 407 1 0
637 193 1 0
612 553 1 0
555 468 1 0
476 356 1 0
570 495 1 0
608 462 1 0
615 114 1 0
555 332 1 0
615 122 1 0
615 368 1 0
570 503 1 0
476 408 1 0
615 414 1 0
600 30 1 0
615 610 1 0
476 345 1 0
635 387 1 0
615 98 1 0
513 469 1 0
476 361 1 0
555 426 1 0
334 244 1 0
613 193 1 0
615 153 1 0
615 152 1 0
635 471 1 0
608 437 1 0
555 209 1 0
615 118 1 0
387 370 1 0
476 379 1 0
607 469 1 0
555 195 1 0
356 0 1 0
618 469 1 0
608 541 1 0
488 334 1 0
334 311 1 0
608 439 1 0
587 471 1 0
633 193 1 0
387 193 1 0
555 410 1 0
634 387 1 0
608 601 1 0
471 387 1 0
612 576 1 0
465 334 1 0
555 263 1 0
612 463 1 0
604 471 1 0
399 387 1 0
499 42 1 0
551 334 1 0
476 376 1 0
555 125 1 0
555 383 1 0
608 481 1 0
612 458 1 0
555 173 1 0
608 451 1 0
608 442 1 0
469 468 1 0
485 0 1 0
476 389 1 0
608 427 1 0
612 418 1 0
476 349 1 0
511 0 1 0
334 255 1 0
570 524 1 0
469 30 1 0
334 264 1 0
555 428 1 0
591 387 1 0
582 0 1 0
521 42 1 0
469 358 1 0
430 334 1 0
469 392 1 0
443 387 1 0
579 469 1 0
555 388 1 0
512 476 1 0
584 471 1 0
612 567 1 0
573 42 1 0
471 469 1 0
540 476 1 0
625 469 1 0
562 387 1 0
612 437 1 0
555 424 1 0
608 555 1 0
636 471 1 0
555 107 1 0
606 387 1 0
555 94 1 0
476 355 1 0
334 187 1 0
516 0 1 0
623 471 1 0
476 385 1 0
521 469 1 0
519 476 1 0
534 471 1 0
334 214 1 0
585 0 1 0
334 226 1 0
555 101 1 0
555 72 1 0
570 441 1 0
334 201 1 0
469 354 1 0
555 353 1 0
476 371 1 0
612 484 1 0
555 497 1 0
555 120 1 0
555 82 1 0
612 431 1 0
498 42 1 0
622 30 1 0
423 0 1 0
589 476 1 0
612 599 1 0
555 59 1 0
334 282 1 0
603 471 1 0
570 457 1 0
629 471 1 0
555 73 1 0
612 433 1 0
334 184 1 0
334 248 1 0
627 469 1 0
555 378 1 0
555 56 1 0
555 80 1 0
441 0 1 0
555 52 1 0
551 0 1 0
612 589 1 0
555 364 1 0
334 323 1 0
612 518 1 0
555 363 1 0
569 471 1 0
555 47 1 0
417 0 1 0
550 334 1 0
560 334 1 0
555 494 1 0
469 42 1 0
402 334 1 0
334 190 1 0
619 471 1 0
501 42 1 0
334 232 1 0
476 217 1 0
638 471 1 0
570 509 1 0
334 176 1 0
334 188 1 0
596 570 1 0
334 205 1 0
409 387 1 0
476 343 1 0
631 193 1 0
604 570 1 0
334 186 1 0
517 471 1 0
620 0 1 0
476 318 1 0
334 192 1 0
476 325 1 0
416 334 1 0
404 387 1 0
626 570 1 0
469 424 1 0
469 391 1 0
612 421 1 0
567 471 1 0
476 221 1 0
334 215 1 0
612 563 1 0
492 387 1 0
476 268 1 0
469 410 1 0
548 387 1 0
334 236 1 0
626 387 1 0
469 455 1 0
570 453 1 0
456 387 1 0
570 560 1 0
349 0 1 0
435 181 1 0
568 42 1 0
334 235 1 0
476 208 1 0
334 211 1 0
469 384 1 0
334 202 1 0
550 0 1 0
42 30 1 0
471 433 1 0
570 516 1 0
476 265 1 0
612 592 1 0
529 42 1 0
334 269 1 0
476 272 1 0
561 471 1 0
595 30 1 0
345 334 1 0
469 420 1 0
476 216 1 0
379 0 1 0
539 181 1 0
334 303 1 0
504 469 1 0
476 239 1 0
476 309 1 0
385 334 1 0
578 334 1 0
389 334 1 0
343 0 1 0
387 366 1 0
570 561 1 0
476 237 1 0
457 0 1 0
452 334 1 0
334 290 1 0
476 165 1 0
476 225 1 0
361 0 1 0
476 155 1 0
309 0 1 0
460 0 1 0
612 470 1 0
476 223 1 0
570 0 1 0
570 535 1 0
612 427 1 0
476 115 1 0
594 30 1 0
387 350 1 0
476 285 1 0
469 383 1 0
476 189 1 0
334 200 1 0
475 387 1 0
334 245 1 0
612 405 1 0
570 460 1 0
398 387 1 0
334 294 1 0
476 133 1 0
476 240 1 0
570 559 1 0
476 319 1 0
334 249 1 0
523 334 1 0
476 219 1 0
469 454 1 0
265 0 1 0
612 481 1 0
583 469 1 0
334 247 1 0
619 387 1 0
570 471 1 0
334 275 1 0
476 289 1 0
476 252 1 0
408 0 1 0
476 90 1 0
387 314 1 0
612 414 1 0
340 0 1 0
612 556 1 0
221 0 1 0
476 340 1 0
355 0 1 0
570 485 1 0
469 364 1 0
485 334 1 0
237 0 1 0
517 476 1 0
476 242 1 0
469 363 1 0
599 476 1 0
612 382 1 0
476 99 1 0
445 0 1 0
472 0 1 0
395 387 1 0
611 570 1 0
387 351 1 0
334 333 1 0
476 74 1 0
605 469 1 0
542 471 1 0
612 519 1 0
598 476 1 0
524 471 1 0
289 0 1 0
469 415 1 0
570 550 1 0
563 476 1 0
552 471 1 0
453 0 1 0
571 387 1 0
268 0 1 0
526 42 1 0
612 461 1 0
530 387 1 0
469 353 1 0
593 334 1 0
581 387 1 0
496 471 1 0
484 471 1 0
334 224 1 0
600 42 1 0
495 0 1 0
537 334 1 0
596 471 1 0
582 570 1 0
334 325 1 0
394 181 1 0
406 334 1 0
570 334 1 0
225 0 1 0
612 511 1 0
460 334 1 0
577 30 1 0
566 193 1 0
510 0 1 0
469 388 1 0
334 213 1 0
387 359 1 0
612 579 1 0
573 30 1 0
559 387 1 0
495 334 1 0
469 373 1 0
376 334 1 0
612 397 1 0
242 0 1 0
479 334 1 0
334 206 1 0
387 317 1 0
614 469 1 0
628 469 1 0
501 30 1 0
463 387 1 0
390 181 1 0
471 470 1 0
334 284 1 0
616 42 1 0
612 476 1 0
612 393 1 0
497 471 1 0
441 334 1 0
507 42 1 0
612 520 1 0
592 387 1 0
619 570 1 0
387 331 1 0
557 471 1 0
318 0 1 0
334 208 1 0
334 194 1 0
586 387 1 0
471 458 1 0
219 0 1 0
239 0 1 0
334 198 1 0
334 182 1 0
240 0 1 0
511 334 1 0
453 334 1 0
503 471 1 0
509 334 1 0
334 217 1 0
371 334 1 0
334 171 1 0
326 0 1 0
449 387 1 0
500 42 1 0
272 0 1 0
469 342 1 0
509 0 1 0
334 170 1 0
469 378 1 0
334 156 1 0
394 0 1 0
334 160 1 0
223 0 1 0
437 387 1 0
334 149 1 0
574 471 1 0
472 334 1 0
469 357 1 0
387 297 1 0
387 262 1 0
570 387 1 0
469 396 1 0
450 0 1 0
334 81 1 0
334 218 1 0
480 0 1 0
334 178 1 0
387 283 1 0
469 362 1 0
570 545 1 0
334 161 1 0
601 570 1 0
334 148 1 0
334 147 1 0
387 338 1 0
483 0 1 0
630 570 1 0
387 291 1 0
334 167 1 0
334 185 1 0
181 0 1 0
515 30 1 0
440 193 1 0
532 42 1 0
387 305 1 0
334 126 1 0
352 181 1 0
516 334 1 0
635 570 1 0
334 159 1 0
334 165 1 0
301 0 1 0
334 115 1 0
387 279 1 0
252 0 1 0
334 174 1 0
334 175 1 0
334 216 1 0
285 0 1 0
543 30 1 0
309 181 1 0
568 30 1 0
352 0 1 0
469 372 1 0
469 322 1 0
469 329 1 0
533 471 1 0
319 0 1 0
446 193 1 0
334 145 1 0
425 193 1 0
436 0 1 0
578 570 1 0
435 0 1 0
517 387 1 0
334 183 1 0
334 168 1 0
334 155 1 0
334 141 1 0
334 180 1 0
334 137 1 0
575 30 1 0
334 143 1 0
334 124 1 0
387 339 1 0
571 570 1 0
387 348 1 0
356 181 1 0
596 387 1 0
469 346 1 0
459 193 1 0
561 387 1 0
387 288 1 0
334 144 1 0
334 97 1 0
471 448 1 0
334 74 1 0
334 90 1 0
387 335 1 0
502 471 1 0
587 387 1 0
301 181 1 0
334 162 1 0
334 142 1 0
542 387 1 0
326 181 1 0
334 77 1 0
334 100 1 0
334 78 1 0
632 0 1 0
639 570 1 0
387 257 1 0
334 93 1 0
450 334 1 0
334 96 1 0
469 316 1 0
545 181 1 0
469 369 1 0
334 140 1 0
390 0 1 0
387 306 1 0
469 360 1 0
334 79 1 0
469 341 1 0
602 42 1 0
478 387 1 0
482 0 1 0
387 280 1 0
334 157 1 0
469 344 1 0
467 387 1 0
334 179 1 0
570 551 1 0
240 181 1 0
531 469 1 0
334 154 1 0
334 61 1 0
354 42 1 0
418 387 1 0
491 469 1 0
471 429 1 0
334 76 1 0
471 464 1 0
471 397 1 0
457 334 1 0
526 30 1 0
593 570 1 0
334 64 1 0
471 405 1 0
622 42 1 0
318 181 1 0
387 292 1 0
387 261 1 0
481 387 1 0
514 471 1 0
422 181 1 0
319 181 1 0
469 304 1 0
334 104 1 0
471 382 1 0
570 562 1 0
469 312 1 0
387 258 1 0
469 367 1 0
469 243 1 0
500 30 1 0
462 42 1 0
554 471 1 0
592 469 1 0
221 181 1 0
604 387 1 0
609 469 1 0
471 425 1 0
527 42 1 0
438 0 1 0
506 42 1 0
469 308 1 0
524 387 1 0
471 374 1 0
387 298 1 0
498 30 1 0
252 181 1 0
595 42 1 0
594 42 1 0
387 267 1 0
469 347 1 0
387 212 1 0
387 313 1 0
620 570 1 0
469 315 1 0
529 30 1 0
358 30 1 0
340 181 1 0
387 328 1 0
508 0 1 0
381 193 1 0
469 330 1 0
541 387 1 0
630 387 1 0
469 336 1 0
579 387 1 0
237 181 1 0
219 181 1 0
242 181 1 0
223 181 1 0
586 570 1 0
471 432 1 0
469 276 1 0
476 181 1 0
387 256 1 0
477 0 1 0
421 387 1 0
570 525 1 0
285 181 1 0
469 324 1 0
412 193 1 0
469 260 1 0
471 413 1 0
427 387 1 0
507 30 1 0
539 0 1 0
387 327 1 0
461 387 1 0
361 181 1 0
544 387 1 0
387 250 1 0
520 0 1 0
387 296 1 0
272 181 1 0
403 193 1 0
289 181 1 0
489 471 1 0
572 30 1 0
513 30 1 0
469 273 1 0
521 30 1 0
462 30 1 0
420 30 1 0
469 281 1 0
431 387 1 0
581 570 1 0
471 414 1 0
469 246 1 0
469 337 1 0
590 471 1 0
577 42 1 0
494 471 1 0
469 259 1 0
225 181 1 0
486 0 1 0
239 181 1 0
387 274 1 0
471 386 1 0
387 277 1 0
411 193 1 0
493 30 1 0
490 469 1 0
536 471 1 0
608 387 1 0
442 30 1 0
265 181 1 0
471 368 1 0
268 181 1 0
515 42 1 0
532 30 1 0
469 233 1 0
471 393 1 0
387 172 1 0
469 230 1 0
469 295 1 0
349 181 1 0
469 241 1 0
387 307 1 0
469 222 1 0
570 564 1 0
503 387 1 0
466 0 1 0
384 42 1 0
570 523 1 0
469 300 1 0
469 253 1 0
543 42 1 0
546 387 1 0
387 191 1 0
387 207 1 0
387 231 1 0
546 469 1 0
469 234 1 0
556 0 1 0
469 227 1 0
469 302 1 0
469 287 1 0
343 181 1 0
387 203 1 0
471 428 1 0
469 461 1 0
471 365 1 0
469 238 1 0
506 30 1 0
387 199 1 0
570 422 1 0
380 193 1 0
374 193 1 0
570 456 1 0
387 254 1 0
554 387 1 0
471 400 1 0
518 387 1 0
469 228 1 0
570 538 1 0
387 177 1 0
469 204 1 0
464 42 1 0
377 193 1 0
565 471 1 0
454 30 1 0
392 42 1 0
585 570 1 0
471 407 1 0
471 381 1 0
433 193 1 0
487 0 1 0
455 30 1 0
355 181 1 0
469 286 1 0
387 127 1 0
570 416 1 0
387 164 1 0
473 42 1 0
527 30 1 0
387 128 1 0
598 471 1 0
447 181 1 0
469 293 1 0
610 570 1 0
570 452 1 0
469 134 1 0
387 196 1 0
471 380 1 0
413 193 1 0
469 321 1 0
469 299 1 0
469 210 1 0
439 42 1 0
451 30 1 0
387 119 1 0
471 426 1 0
434 42 1 0
387 146 1 0
434 30 1 0
469 270 1 0
316 30 1 0
608 42 1 0
387 166 1 0
580 471 1 0
597 471 1 0
570 444 1 0
391 42 1 0
471 377 1 0
442 42 1 0
615 471 1 0
387 151 1 0
400 193 1 0
379 181 1 0
490 387 1 0
469 251 1 0
387 135 1 0
575 42 1 0
570 488 1 0
534 42 1 0
387 169 1 0
469 136 1 0
528 0 1 0
502 387 1 0
387 131 1 0
387 129 1 0
372 30 1 0
387 110 1 0
570 530 1 0
387 197 1 0
557 387 1 0
388 42 1 0
387 114 1 0
469 310 1 0
491 387 1 0
473 471 1 0
591 570 1 0
613 471 1 0
570 419 1 0
573 471 1 0
469 139 1 0
469 387 1 0
408 181 1 0
387 122 1 0
387 98 1 0
383 42 1 0
471 440 1 0
555 471 1 0
387 118 1 0
469 278 1 0
378 42 1 0
387 152 1 0
387 153 1 0
471 193 1 0
365 193 1 0
570 492 1 0
471 411 1 0
439 30 1 0
407 193 1 0
387 163 1 0
353 42 1 0
387 108 1 0
574 387 1 0
387 116 1 0
468 42 1 0
469 84 1 0
368 193 1 0
570 479 1 0
469 266 1 0
414 193 1 0
469 117 1 0
387 121 1 0
387 130 1 0
474 0 1 0
610 193 1 0
612 469 1 0
410 42 1 0
469 437 1 0
469 229 1 0
469 86 1 0
415 30 1 0
471 30 1 0
464 30 1 0
621 0 1 0
471 459 1 0
417 181 1 0
611 181 1 0
471 412 1 0
382 193 1 0
386 193 1 0
493 42 1 0
601 469 1 0
478 469 1 0
469 332 1 0
541 469 1 0
458 193 1 0
469 427 1 0
504 30 1 0
608 30 1 0
471 462 1 0
473 30 1 0
469 271 1 0
471 42 1 0
497 30 1 0
364 42 1 0
481 469 1 0
341 42 1 0
471 403 1 0
362 30 1 0
426 42 1 0
588 471 1 0
570 478 1 0
471 451 1 0
423 181 1 0
612 193 1 0
393 193 1 0
342 42 1 0
428 30 1 0
363 42 1 0
424 42 1 0
471 442 1 0
471 439 1 0
360 30 1 0
489 30 1 0
547 181 1 0
367 42 1 0
638 570 1 0
451 42 1 0
329 42 1 0
600 471 1 0
570 544 1 0
373 42 1 0
534 30 1 0
426 30 1 0
322 42 1 0
429 193 1 0
515 471 1 0
344 42 1 0
324 30 1 0
308 30 1 0
570 430 1 0
471 446 1 0
397 193 1 0
570 402 1 0
570 505 1 0
570 467 1 0
243 30 1 0
636 570 1 0
396 30 1 0
570 447 1 0
428 42 1 0
570 406 1 0
558 0 1 0
499 471 1 0
570 475 1 0
273 30 1 0
553 471 1 0
246 42 1 0
494 42 1 0
570 345 1 0
512 0 1 0
405 193 1 0
357 42 1 0
570 549 1 0
471 434 1 0
549 181 1 0
570 181 1 0
337 42 1 0
570 376 1 0
589 0 1 0
304 30 1 0
497 42 1 0
312 42 1 0
570 469 1 0
432 30 1 0
346 42 1 0
321 30 1 0
566 471 1 0
220 0 1 0
276 30 1 0
315 30 1 0
281 42 1 0
253 30 1 0
229 30 1 0
448 42 1 0
570 465 1 0
519 0 1 0
230 30 1 0
234 30 1 0
432 42 1 0
300 42 1 0
286 30 1 0
570 548 1 0
293 30 1 0
570 417 1 0
401 0 1 0
599 471 1 0
576 471 1 0
493 471 1 0
570 371 1 0
570 449 1 0
369 42 1 0
489 42 1 0
540 0 1 0
606 570 1 0
570 389 1 0
278 30 1 0
260 30 1 0
570 518 1 0
570 418 1 0
567 193 1 0
470 193 1 0
514 42 1 0
233 30 1 0
336 42 1 0
448 30 1 0
570 408 1 0
484 193 1 0
228 30 1 0
570 361 1 0
320 0 1 0
330 30 1 0
241 42 1 0
251 30 1 0
347 30 1 0
570 423 1 0
271 30 1 0
570 217 1 0
570 431 1 0
259 30 1 0
227 30 1 0
506 471 1 0
134 42 1 0
570 385 1 0
570 356 1 0
210 42 1 0
222 42 1 0
419 181 1 0
570 547 1 0
570 379 1 0
204 42 1 0
570 193 1 0
570 463 1 0
266 30 1 0
570 437 1 0
295 42 1 0
125 30 1 0
494 30 1 0
525 181 1 0
238 30 1 0
270 30 1 0
375 0 1 0
173 30 1 0
629 570 1 0
631 471 1 0
195 30 1 0
533 30 1 0
209 30 1 0
310 30 1 0
634 570 1 0
575 471 1 0
287 42 1 0
584 30 1 0
570 349 1 0
570 325 1 0
84 42 1 0
601 193 1 0
136 42 1 0
302 30 1 0
589 471 1 0
72 30 1 0
570 208 1 0
505 181 1 0
139 42 1 0
244 0 1 0
564 181 1 0
612 0 1 0
585 181 1 0
570 355 1 0
570 216 1 0
299 30 1 0
570 458 1 0
94 30 1 0
535 181 1 0
570 421 1 0
107 30 1 0
311 0 1 0
563 471 1 0
86 42 1 0
263 30 1 0
332 30 1 0
570 155 1 0
59 30 1 0
496 30 1 0
527 471 1 0
570 165 1 0
496 42 1 0
598 0 1 0
603 42 1 0
584 42 1 0
570 115 1 0
514 30 1 0
563 0 1 0
570 318 1 0
543 471 1 0
570 90 1 0
226 0 1 0
282 0 1 0
517 0 1 0
444 181 1 0
533 42 1 0
570 567 1 0
592 570 1 0
570 74 1 0
637 471 1 0
264 0 1 0
570 484 1 0
570 343 1 0
570 221 1 0
552 42 1 0
255 0 1 0
187 0 1 0
538 181 1 0
629 193 1 0
639 193 1 0
570 268 1 0
201 0 1 0
576 0 1 0
608 570 1 0
501 471 1 0
570 427 1 0
184 0 1 0
532 471 1 0
465 181 1 0
620 181 1 0
476 471 1 0
570 433 1 0
582 181 1 0
214 0 1 0
599 0 1 0
570 272 1 0
269 0 1 0
205 0 1 0
605 570 1 0
519 471 1 0
570 265 1 0
520 471 1 0
471 0 1 0
579 570 1 0
570 239 1 0
186 0 1 0
500 471 1 0
556 471 1 0
188 0 1 0
323 0 1 0
176 0 1 0
248 0 1 0
636 193 1 0
190 0 1 0
303 0 1 0
430 181 1 0
488 181 1 0
192 0 1 0
511 471 1 0
211 0 1 0
540 471 1 0
235 0 1 0
290 0 1 0
215 0 1 0
597 0 1 0
236 0 1 0
577 471 1 0
202 0 1 0
616 471 1 0
595 471 1 0
402 181 1 0
551 181 1 0
333 0 1 0
507 471 1 0
569 42 1 0
245 0 1 0
558 471 1 0
572 471 1 0
200 0 1 0
275 0 1 0
623 42 1 0
553 0 1 0
345 181 1 0
416 181 1 0
247 0 1 0
385 181 1 0
249 0 1 0
638 193 1 0
389 181 1 0
294 0 1 0
633 471 1 0
284 0 1 0
512 471 1 0
624 42 1 0
206 0 1 0
550 181 1 0
218 0 1 0
560 181 1 0
148 0 1 0
81 0 1 0
224 0 1 0
594 471 1 0
213 0 1 0
498 471 1 0
198 0 1 0
156 0 1 0
325 181 1 0
474 471 1 0
126 0 1 0
452 181 1 0
182 0 1 0
526 471 1 0
175 0 1 0
471 358 1 0
568 471 1 0
178 0 1 0
170 0 1 0
160 0 1 0
208 181 1 0
194 0 1 0
149 0 1 0
171 0 1 0
588 0 1 0
77 0 1 0
97 0 1 0
159 0 1 0
565 0 1 0
217 181 1 0
522 471 1 0
578 181 1 0
376 181 1 0
513 471 1 0
147 0 1 0
471 370 1 0
78 0 1 0
529 471 1 0
580 0 1 0
406 181 1 0
100 0 1 0
181 115 1 0
523 181 1 0
162 0 1 0
617 42 1 0
124 0 1 0
181 165 1 0
141 0 1 0
371 181 1 0
625 42 1 0
635 193 1 0
168 0 1 0
486 471 1 0
602 471 1 0
528 471 1 0
181 155 1 0
479 181 1 0
387 0 1 0
579 42 1 0
179 0 1 0
181 90 1 0
471 399 1 0
485 181 1 0
622 471 1 0
634 193 1 0
627 42 1 0
508 471 1 0
593 181 1 0
471 443 1 0
471 468 1 0
607 42 1 0
495 181 1 0
537 181 1 0
460 181 1 0
471 392 1 0
521 471 1 0
606 193 1 0
618 42 1 0
487 471 1 0
193 0 1 0
591 193 1 0
471 455 1 0
471 409 1 0
562 193 1 0
471 354 1 0
504 471 1 0
590 0 1 0
472 471 1 0
471 404 1 0
471 466 1 0
536 0 1 0
471 420 1 0
554 0 1 0
471 424 1 0
471 438 1 0
542 0 1 0
471 391 1 0
548 193 1 0
471 410 1 0
574 0 1 0
626 193 1 0
492 193 1 0
471 415 1 0
456 193 1 0
471 454 1 0
471 350 1 0
471 366 1 0
471 384 1 0
477 471 1 0
502 0 1 0
471 395 1 0
587 0 1 0
619 193 1 0
628 42 1 0
471 398 1 0
471 396 1 0
471 314 1 0
583 42 1 0
471 351 1 0
475 193 1 0
471 364 1 0
592 193 1 0
471 383 1 0
471 363 1 0
471 362 1 0
483 471 1 0
471 436 1 0
471 373 1 0
537 471 1 0
471 317 1 0
471 331 1 0
571 193 1 0
471 359 1 0
517 193 1 0
471 353 1 0
559 193 1 0
581 193 1 0
530 193 1 0
463 193 1 0
471 372 1 0
605 42 1 0
471 297 1 0
557 0 1 0
471 262 1 0
471 338 1 0
471 388 1 0
471 445 1 0
437 193 1 0
471 283 1 0
471 347 1 0
193 42 1 0
542 193 1 0
471 357 1 0
471 304 1 0
471 315 1 0
471 316 1 0
471 291 1 0
471 342 1 0
503 0 1 0
586 193 1 0
449 193 1 0
471 360 1 0
596 193 1 0
471 243 1 0
482 471 1 0
471 330 1 0
471 305 1 0
471 279 1 0
614 42 1 0
471 329 1 0
471 378 1 0
471 348 1 0
471 335 1 0
471 288 1 0
524 0 1 0
561 193 1 0
587 193 1 0
471 308 1 0
471 322 1 0
495 471 1 0
387 42 1 0
471 260 1 0
471 450 1 0
471 334 1 0
592 42 1 0
471 346 1 0
471 339 1 0
471 276 1 0
471 369 1 0
471 259 1 0
510 471 1 0
471 257 1 0
471 181 1 0
531 42 1 0
579 193 1 0
481 193 1 0
471 306 1 0
471 261 1 0
471 280 1 0
524 193 1 0
608 193 1 0
469 193 1 0
596 0 1 0
471 324 1 0
471 341 1 0
471 273 1 0
471 292 1 0
471 344 1 0
471 258 1 0
478 193 1 0
471 233 1 0
491 42 1 0
471 313 1 0
418 193 1 0
471 302 1 0
541 193 1 0
471 312 1 0
467 193 1 0
471 328 1 0
471 230 1 0
604 193 1 0
471 267 1 0
471 227 1 0
471 367 1 0
471 336 1 0
471 234 1 0
471 256 1 0
471 327 1 0
461 193 1 0
471 212 1 0
471 253 1 0
471 250 1 0
471 441 1 0
471 299 1 0
471 228 1 0
604 0 1 0
427 193 1 0
554 193 1 0
421 193 1 0
626 0 1 0
630 193 1 0
471 293 1 0
471 457 1 0
471 270 1 0
509 471 1 0
471 274 1 0
471 296 1 0
471 281 1 0
561 0 1 0
503 193 1 0
546 193 1 0
609 42 1 0
471 277 1 0
471 246 1 0
546 42 1 0
471 310 1 0
431 193 1 0
471 337 1 0
544 193 1 0
471 307 1 0
471 295 1 0
471 251 1 0
471 321 1 0
471 222 1 0
471 172 1 0
471 453 1 0
471 241 1 0
471 287 1 0
559 0 1 0
490 42 1 0
598 193 1 0
461 42 1 0
471 278 1 0
560 471 1 0
471 203 1 0
471 254 1 0
471 207 1 0
502 193 1 0
471 191 1 0
471 300 1 0
471 266 1 0
471 332 1 0
516 471 1 0
471 177 1 0
471 204 1 0
619 0 1 0
471 229 1 0
536 193 1 0
557 193 1 0
471 127 1 0
471 164 1 0
471 134 1 0
518 193 1 0
491 193 1 0
471 128 1 0
471 460 1 0
574 193 1 0
471 119 1 0
611 471 1 0
490 193 1 0
471 136 1 0
635 0 1 0
535 471 1 0
471 271 1 0
565 193 1 0
471 195 1 0
550 471 1 0
471 263 1 0
639 0 1 0
471 151 1 0
471 110 1 0
471 209 1 0
582 471 1 0
531 193 1 0
485 471 1 0
601 0 1 0
541 42 1 0
471 152 1 0
605 193 1 0
601 42 1 0
471 84 1 0
471 163 1 0
570 42 1 0
437 42 1 0
471 125 1 0
481 42 1 0
471 107 1 0
628 193 1 0
588 193 1 0
427 42 1 0
630 0 1 0
627 193 1 0
571 0 1 0
612 42 1 0
609 193 1 0
478 42 1 0
590 193 1 0
562 0 1 0
597 193 1 0
607 193 1 0
421 42 1 0
583 193 1 0
456 42 1 0
610 0 1 0
580 193 1 0
576 193 1 0
589 193 1 0
418 42 1 0
463 42 1 0
553 193 1 0
614 193 1 0
586 0 1 0
581 0 1 0
518 42 1 0
606 42 1 0
511 193 1 0
431 42 1 0
625 193 1 0
556 193 1 0
563 193 1 0
476 193 1 0
544 42 1 0
449 42 1 0
467 42 1 0
599 193 1 0
456 0 1 0
591 0 1 0
638 0 1 0
530 0 1 0
618 193 1 0
636 0 1 0
492 0 1 0
519 193 1 0
475 42 1 0
626 42 1 0
634 42 1 0
615 0 1 0
623 193 1 0
42 0 1 0
520 193 1 0
534 193 1 0
548 42 1 0
458 0 1 0
512 193 1 0
492 42 1 0
603 193 1 0
562 42 1 0
478 0 1 0
617 193 1 0
540 193 1 0
544 0 1 0
475 0 1 0
629 0 1 0
610 42 1 0
624 193 1 0
467 0 1 0
528 193 1 0
486 193 1 0
474 193 1 0
548 0 1 0
586 42 1 0
469 0 1 0
558 193 1 0
433 42 1 0
584 193 1 0
484 0 1 0
606 0 1 0
591 42 1 0
569 193 1 0
433 0 1 0
567 0 1 0
530 42 1 0
414 0 1 0
449 0 1 0
634 0 1 0
418 0 1 0
567 42 1 0
518 0 1 0
463 0 1 0
431 0 1 0
552 193 1 0
405 0 1 0
639 42 1 0
437 0 1 0
407 0 1 0
382 0 1 0
440 0 1 0
466 193 1 0
629 42 1 0
393 0 1 0
411 0 1 0
571 42 1 0
537 193 1 0
581 42 1 0
470 0 1 0
508 193 1 0
374 0 1 0
421 0 1 0
613 0 1 0
636 42 1 0
368 0 1 0
438 193 1 0
496 193 1 0
487 193 1 0
425 42 1 0
630 42 1 0
472 193 1 0
483 193 1 0
397 0 1 0
425 0 1 0
377 0 1 0
470 42 1 0
559 42 1 0
381 0 1 0
592 0 1 0
566 0 1 0
429 42 1 0
365 0 1 0
403 0 1 0
497 193 1 0
427 0 1 0
484 42 1 0
635 42 1 0
587 42 1 0
608 0 1 0
514 193 1 0
464 193 1 0
413 42 1 0
448 193 1 0
436 193 1 0
638 42 1 0
604 42 1 0
631 0 1 0
445 193 1 0
605 0 1 0
481 0 1 0
579 0 1 0
458 42 1 0
380 0 1 0
374 42 1 0
386 0 1 0
615 42 1 0
429 0 1 0
461 0 1 0
477 193 1 0
490 0 1 0
446 0 1 0
510 193 1 0
413 0 1 0
397 42 1 0
533 193 1 0
613 42 1 0
382 42 1 0
386 42 1 0
459 0 1 0
400 0 1 0
609 0 1 0
494 193 1 0
517 42 1 0
412 0 1 0
491 0 1 0
555 193 1 0
400 42 1 0
405 42 1 0
619 42 1 0
541 0 1 0
193 30 1 0
432 193 1 0
535 193 1 0
381 42 1 0
573 193 1 0
459 42 1 0
368 42 1 0
380 42 1 0
637 0 1 0
365 42 1 0
560 193 1 0
441 193 1 0
633 0 1 0
457 193 1 0
561 42 1 0
482 193 1 0
399 0 1 0
412 42 1 0
450 193 1 0
546 0 1 0
489 193 1 0
414 42 1 0
516 193 1 0
366 0 1 0
393 42 1 0
473 193 1 0
495 193 1 0
614 0 1 0
440 42 1 0
428 193 1 0
426 193 1 0
377 42 1 0
607 0 1 0
531 0 1 0
370 0 1 0
542 42 1 0
524 42 1 0
446 42 1 0
407 42 1 0
557 42 1 0
596 42 1 0
411 42 1 0
443 0 1 0
403 42 1 0
462 193 1 0
334 193 1 0
522 0 1 0
574 42 1 0
503 42 1 0
485 193 1 0
583 0 1 0
439 193 1 0
30 0 1 0
453 193 1 0
398 0 1 0
566 42 1 0
509 193 1 0
314 0 1 0
545 193 1 0
442 193 1 0
404 0 1 0
460 193 1 0
359 0 1 0
502 42 1 0
451 193 1 0
212 0 1 0
627 0 1 0
351 0 1 0
637 42 1 0
578 193 1 0
409 0 1 0
434 193 1 0
631 42 1 0
628 0 1 0
600 193 1 0
611 193 1 0
350 0 1 0
515 193 1 0
416 193 1 0
506 193 1 0
618 0 1 0
339 0 1 0
305 0 1 0
358 193 1 0
554 42 1 0
572 193 1 0
550 193 1 0
193 181 1 0
317 0 1 0
582 193 1 0
262 0 1 0
590 42 1 0
306 0 1 0
292 0 1 0
279 0 1 0
296 0 1 0
283 0 1 0
452 193 1 0
257 0 1 0
499 193 1 0
527 193 1 0
395 0 1 0
536 42 1 0
297 0 1 0
493 193 1 0
419 193 1 0
370 42 1 0
624 0 1 0
525 193 1 0
501 193 1 0
191 0 1 0
617 0 1 0
532 193 1 0
172 0 1 0
625 0 1 0
151 0 1 0
597 42 1 0
376 193 1 0
127 0 1 0
128 0 1 0
580 42 1 0
345 193 1 0
565 42 1 0
250 0 1 0
598 42 1 0
584 0 1 0
335 0 1 0
551 193 1 0
348 0 1 0
217 193 1 0
444 193 1 0
500 193 1 0
575 193 1 0
633 42 1 0
522 42 1 0
119 0 1 0
327 0 1 0
328 0 1 0
177 0 1 0
507 193 1 0
543 193 1 0
488 193 1 0
402 193 1 0
534 0 1 0
513 193 1 0
620 193 1 0
254 0 1 0
498 193 1 0
208 193 1 0
569 0 1 0
538 193 1 0
409 42 1 0
564 193 1 0
588 42 1 0
389 193 1 0
430 193 1 0
385 193 1 0
399 42 1 0
603 0 1 0
623 0 1 0
455 193 1 0
504 193 1 0
443 42 1 0
553 42 1 0
505 193 1 0
568 193 1 0
420 193 1 0
404 42 1 0
526 193 1 0
465 193 1 0
529 193 1 0
616 193 1 0
577 193 1 0
599 42 1 0
497 0 1 0
395 42 1 0
576 42 1 0
496 0 1 0
350 42 1 0
552 0 1 0
476 42 1 0
366 42 1 0
533 0 1 0
314 42 1 0
262 42 1 0
589 42 1 0
351 42 1 0
297 42 1 0
563 42 1 0
317 42 1 0
335 42 1 0
398 42 1 0
283 42 1 0
448 0 1 0
520 42 1 0
359 42 1 0
489 0 1 0
464 0 1 0
519 42 1 0
279 42 1 0
328 42 1 0
432 0 1 0
540 42 1 0
499 0 1 0
511 42 1 0
556 42 1 0
514 0 1 0
257 42 1 0
327 42 1 0
558 42 1 0
292 42 1 0
250 42 1 0
306 42 1 0
428 0 1 0
494 0 1 0
600 0 1 0
512 42 1 0
212 42 1 0
426 0 1 0
474 42 1 0
172 42 1 0
181 42 1 0
296 42 1 0
177 42 1 0
555 0 1 0
515 0 1 0
451 0 1 0
442 0 1 0
573 0 1 0
473 0 1 0
127 42 1 0
119 42 1 0
462 0 1 0
508 42 1 0
486 42 1 0
439 0 1 0
528 42 1 0
487 42 1 0
151 42 1 0
472 42 1 0
434 0 1 0
575 0 1 0
466 42 1 0
334 42 1 0
438 42 1 0
477 42 1 0
543 0 1 0
506 0 1 0
616 0 1 0
436 42 1 0
595 0 1 0
577 0 1 0
483 42 1 0
537 42 1 0
392 0 1 0
482 42 1 0
501 0 1 0
495 42 1 0
468 0 1 0
445 42 1 0
354 0 1 0
532 0 1 0
450 42 1 0
500 0 1 0
594 0 1 0
510 42 1 0
602 0 1 0
507 0 1 0
373 0 1 0
391 0 1 0
364 0 1 0
622 0 1 0
441 42 1 0
384 0 1 0
329 0 1 0
457 42 1 0
611 42 1 0
568 0 1 0
572 0 1 0
498 0 1 0
353 0 1 0
550 42 1 0
582 42 1 0
560 42 1 0
342 0 1 0
322 0 1 0
516 42 1 0
341 0 1 0
312 0 1 0
535 42 1 0
485 42 1 0
513 0 1 0
222 0 1 0
358 0 1 0
246 0 1 0
281 0 1 0
545 42 1 0
551 42 1 0
134 0 1 0
620 42 1 0
422 42 1 0
455 0 1 0
578 42 1 0
420 0 1 0
525 42 1 0
454 0 1 0
564 42 1 0
585 42 1 0
415 0 1 0
538 42 1 0
396 0 1 0
362 0 1 0
372 0 1 0
361 42 1 0
488 42 1 0
444 42 1 0
447 42 1 0
316 0 1 0
416 42 1 0
452 42 1 0
417 42 1 0
419 42 1 0
243 0 1 0
347 0 1 0
315 0 1 0
356 42 1 0
379 42 1 0
318 42 1 0
480 42 1 0
549 42 1 0
349 42 1 0
505 42 1 0
221 42 1 0
430 42 1 0
547 42 1 0
402 42 1 0
234 0 1 0
632 42 1 0
240 42 1 0
309 42 1 0
465 42 1 0
345 42 1 0
435 42 1 0
293 0 1 0
390 42 1 0
376 42 1 0
310 0 1 0
394 42 1 0
278 0 1 0
385 42 1 0
229 0 1 0
217 42 1 0
539 42 1 0
621 42 1 0
