42 34 -1
34 33 -1
30 16 -1
68 58 -1
58 54 -1
54 49 -1
49 44 -1
74 50 -1
109 102 -1
100 83 -1
100 83 -1
168 144 -1
174 167 -1
139 87 -1
173 125 -1
125 101 -1
101 82 -1
82 56 -1
56 53 -1
53 48 -1
48 45 -1
45 43 -1
43 32 -1
32 31 -1
177 166 -1
200 182 -1
203 166 -1
241 204 -1
269 218 -1
218 148 -1
148 91 -1
91 77 -1
77 70 -1
275 245 -1
295 241 -1
241 204 -1
216 155 -1
155 88 -1
389 345 -1
376 216 -1
216 155 -1
155 88 -1
379 355 -1
430 402 -1
455 415 -1
415 362 -1
362 304 -1
535 523 -1
452 406 -1
527 506 -1
506 462 -1
462 434 -1
525 488 -1
488 444 -1
505 430 -1
430 402 -1
515 493 -1
493 442 -1
549 447 -1
447 423 -1
550 460 -1
562 530 -1
535 523 -1
579 531 -1
595 577 -1
499 410 -1
410 391 -1
605 491 -1
616 594 -1
480 401 -1
401 375 -1
375 320 -1
320 264 -1
264 214 -1
435 301 -1
301 240 -1
631 446 -1
615 522 -1
522 443 -1
443 404 -1
404 350 -1
350 331 -1
629 567 -1
567 484 -1
484 405 -1
405 382 -1
601 492 -1
638 636 -1
636 610 -1
610 484 -1
484 405 -1
405 382 -1
43 32 -1
32 31 -1
90 50 -1
162 112 -1
112 95 -1
95 76 -1
163 116 -1
158 130 -1
165 133 -1
133 90 -1
90 50 -1
99 88 -1
213 182 -1
206 185 -1
185 178 -1
207 164 -1
211 188 -1
310 270 -1
335 313 -1
495 450 -1
525 488 -1
488 444 -1
560 485 -1
588 565 -1
582 551 -1
422 379 -1
379 355 -1
499 410 -1
410 391 -1
611 564 -1
417 379 -1
379 355 -1
600 543 -1
611 564 -1
595 577 -1
1 0 1
2 0 1
3 0 1
4 0 1
6 0 1
5 0 1
7 0 1
8 0 1
9 0 1
10 0 1
11 0 1
12 0 1
13 0 1
14 12 1
15 0 1
42 31 1
44 30 1
50 0 1
51 50 1
62 60 1
62 61 1
70 61 1
75 71 1
76 71 1
79 61 1
78 71 1
81 60 1
81 75 1
83 76 1
89 78 1
87 68 1
88 74 1
93 78 1
102 98 1
103 98 1
105 98 1
113 110 1
109 108 1
110 108 1
114 98 1
119 116 1
119 113 1
122 119 1
129 119 1
131 119 1
130 108 1
138 116 1
137 124 1
141 137 1
144 141 1
142 100 1
140 100 1
146 110 1
150 141 1
153 122 1
143 142 1
149 137 1
140 124 1
156 142 1
159 143 1
149 147 1
164 114 1
160 159 1
166 131 1
167 147 1
169 122 1
172 146 1
171 147 1
170 160 1
178 159 1
180 168 1
182 170 1
183 174 1
184 176 1
187 176 1
186 176 1
188 176 1
191 164 1
190 187 1
192 176 1
202 192 1
201 187 1
204 139 1
209 173 1
214 190 1
221 219 1
225 221 1
223 221 1
228 227 1
234 228 1
239 221 1
238 227 1
230 228 1
235 202 1
237 225 1
242 219 1
233 230 1
240 219 1
243 233 1
247 245 1
249 235 1
250 177 1
251 234 1
247 235 1
245 200 1
253 230 1
259 238 1
265 225 1
268 239 1
258 257 1
260 243 1
267 258 1
273 230 1
262 256 1
267 256 1
266 251 1
270 227 1
276 243 1
262 261 1
274 250 1
277 203 1
278 209 1
274 256 1
278 266 1
281 241 1
284 269 1
286 253 1
280 257 1
290 275 1
293 209 1
292 277 1
283 279 1
283 261 1
288 261 1
291 283 1
298 257 1
297 288 1
304 276 1
305 279 1
313 262 1
314 279 1
317 291 1
312 281 1
326 240 1
331 297 1
336 295 1
341 281 1
322 312 1
344 322 1
345 216 1
346 322 1
349 268 1
342 322 1
354 322 1
355 268 1
353 342 1
357 322 1
361 268 1
364 342 1
364 363 1
371 345 1
368 365 1
374 365 1
377 365 1
380 365 1
382 368 1
381 380 1
383 353 1
387 377 1
391 383 1
397 382 1
400 380 1
402 389 1
406 376 1
423 379 1
421 418 1
427 421 1
428 426 1
437 421 1
432 428 1
439 434 1
444 430 1
446 381 1
439 426 1
442 434 1
438 436 1
448 432 1
451 442 1
445 436 1
449 418 1
457 441 1
456 449 1
461 427 1
460 453 1
463 418 1
467 418 1
469 428 1
466 438 1
471 421 1
457 445 1
453 441 1
472 436 1
472 450 1
475 449 1
477 438 1
485 441 1
487 438 1
490 471 1
492 475 1
474 466 1
496 448 1
491 490 1
508 477 1
507 500 1
507 501 1
513 455 1
520 474 1
512 474 1
503 502 1
524 503 1
519 512 1
521 498 1
521 513 1
532 500 1
530 492 1
534 448 1
501 498 1
535 452 1
531 491 1
532 527 1
517 502 1
536 517 1
538 525 1
542 503 1
540 519 1
545 505 1
543 515 1
554 502 1
557 503 1
558 474 1
564 538 1
552 496 1
549 545 1
561 524 1
565 517 1
570 519 1
563 519 1
576 563 1
578 485 1
551 550 1
576 553 1
577 543 1
581 571 1
581 562 1
569 496 1
580 517 1
585 564 1
571 559 1
561 559 1
587 503 1
586 530 1
589 519 1
578 535 1
583 579 1
580 553 1
595 594 1
598 553 1
602 499 1
599 570 1
604 559 1
607 583 1
608 569 1
614 605 1
616 602 1
617 569 1
618 607 1
619 561 1
618 617 1
625 608 1
627 583 1
480 435 1
635 619 1
631 615 1
629 601 1
639 638 1
43 33 2
78 60 2
79 71 2
90 88 2
130 116 2
143 124 2
162 140 2
163 158 2
165 99 2
156 93 2
183 180 2
233 227 2
249 213 2
284 206 2
261 258 2
292 207 2
290 211 2
293 266 2
280 279 2
297 291 2
292 257 2
310 293 2
335 288 2
336 312 2
363 353 2
381 377 2
391 363 2
451 428 2
450 445 2
495 453 2
525 523 2
560 523 2
598 588 2
599 553 2
604 587 2
582 564 2
614 583 2
585 422 2
594 499 2
611 417 2
600 500 2
611 551 2
595 501 2
627 625 2
639 635 2
