1
0
2
0
3
0
4
0
6
0
5
0
7
0
8
0
9
0
10
0
11
0
12
0
13
0
14
12
15
0
42 34 33
31
44
30 16
50
0
51
50
62
60
62
61
70
61
75
71
76
71
79
61
78
71
81
60
81
75
83
76
89
78
87
68 58 54 49 44
88
74 50
93
78
102
98
103
98
105
98
113
110
109 102
108
110
108
114
98
119
116
119
113
122
119
129
119
131
119
130
108
138
116
137
124
141
137
144
141
142
100 83
140
100 83
146
110
150
141
153
122
143
142
149
137
140
124
156
142
159
143
149
147
164
114
160
159
166
131
167
147
169
122
172
146
171
147
170
160
178
159
180
168 144
182
170
183
174 167
184
176
187
176
186
176
188
176
191
164
190
187
192
176
202
192
201
187
204
139 87
209
173 125 101 82 56 53 48 45 43 32 31
214
190
221
219
225
221
223
221
228
227
234
228
239
221
238
227
230
228
235
202
237
225
242
219
233
230
240
219
243
233
247
245
249
235
250
177 166
251
234
247
235
245
200 182
253
230
259
238
265
225
268
239
258
257
260
243
267
258
273
230
262
256
267
256
266
251
270
227
276
243
262
261
274
250
277
203 166
278
209
274
256
278
266
281
241 204
284
269 218 148 91 77 70
286
253
280
257
290
275 245
293
209
292
277
283
279
283
261
288
261
291
283
298
257
297
288
304
276
305
279
313
262
314
279
317
291
312
281
326
240
331
297
336
295 241 204
341
281
322
312
344
322
345
216 155 88
346
322
349
268
342
322
354
322
355
268
353
342
357
322
361
268
364
342
364
363
371
345
368
365
374
365
377
365
380
365
382
368
381
380
383
353
387
377
391
383
397
382
400
380
402
389 345
406
376 216 155 88
423
379 355
421
418
427
421
428
426
437
421
432
428
439
434
444
430 402
446
381
439
426
442
434
438
436
448
432
451
442
445
436
449
418
457
441
456
449
461
427
460
453
463
418
467
418
469
428
466
438
471
421
457
445
453
441
472
436
472
450
475
449
477
438
485
441
487
438
490
471
492
475
474
466
496
448
491
490
508
477
507
500
507
501
513
455 415 362 304
520
474
512
474
503
502
524
503
519
512
521
498
521
513
532
500
530
492
534
448
501
498
535 523
452 406
531
491
532
527 506 462 434
517
502
536
517
538
525 488 444
542
503
540
519
545
505 430 402
543
515 493 442
554
502
557
503
558
474
564
538
552
496
549 447 423
545
561
524
565
517
570
519
563
519
576
563
578
485
551
550 460
576
553
577
543
581
571
581
562 530
569
496
580
517
585
564
571
559
561
559
587
503
586
530
589
519
578
535 523
583
579 531
580
553
595 577
594
598
553
602
499 410 391
599
570
604
559
607
583
608
569
614
605 491
616 594
602
617
569
618
607
619
561
618
617
625
608
627
583
480 401 375 320 264 214
435 301 240
635
619
631 446
615 522 443 404 350 331
629 567 484 405 382
601 492
639
638 636 610 484 405 382
43 32 31
33
78
60
79
71
90 50
88
130
116
143
124
162 112 95 76
140
163 116
158 130
165 133 90 50
99 88
156
93
183
180
233
227
249
213 182
284
206 185 178
261
258
292
207 164
290
211 188
293
266
280
279
297
291
292
257
310 270
293
335 313
288
336
312
363
353
381
377
391
363
451
428
450
445
495 450
453
525 488 444
523
560 485
523
598
588 565
599
553
604
587
582 551
564
614
583
585
422 379 355
594
499 410 391
611 564
417 379 355
600 543
500
611 564
551
595 577
501
627
625
639
635
