1.3802107280786255e-05
2.597363756352671e-05
2.0511608688816033e-05
2.1003797135774928e-05
0.0020370729676968424
0.004766611570420187
0.008649598402285515
0.013064686382544502
0.025655275357785407
0.03200739067921601
0.039842912232626274
0.04779590010340032
0.05187811724000356
0.05010034554527232
0.04624416764495579
0.04049090229588739
0.039258002513928296
0.0380328536636021
0.03857743806285952
0.0413290773982186
0.047102189074663035
0.04985558628893268
0.04651998218271378
0.050190198291062686
0.04973162056562171
0.05276461426269328
0.046362584651641045
0.04507188610835355
0.048710367255346394
0.05393853218615392
0.05701744738600345
0.05901754349133804
0.06640337965576346
0.07634666927850314
0.07261848384457419
0.06810410523587518
0.06221609750005118
0.0562134495152554
0.050664878983500604
0.043480358397320715
0.0415857983477669
0.040560352673716785
0.03783349989784124
0.03185028065112465
0.029745886543140098
0.03711956700257946
0.027211176030104048
0.03328247513615632
0.028556566231620947
0.027909161054209247
0.024404926115808148
0.025351222397753646
0.03209171290331894
0.033263741711807085
0.024152196881262078
0.028163525843085978
0.03011771995953273
0.025775863325485555
0.02645450864364004
0.03627460289632758
0.03295147908460514
0.026900888968333647
0.03143483340283549
0.03325431668997952
0.03860410368113006
0.040607525703303546
0.03938925418134532
0.05052521270019085
0.05779285185145167
0.06372438938172705
0.06989403171190965
0.06576355538263669
0.05805035784176014
0.04674479290583968
0.039239460421042385
0.031798967584981776
0.03223900312397446
0.03010242333932478
0.02916642250142585
0.02983325213549202
0.021904626665835925
0.022332699864330615
0.019886546908601935
0.024727446247587454
0.023367037006059986
0.019109279540402656
0.020382669309186117
0.018853755022554906
0.017522692261909563
0.01695606521427506
0.021364488430897884
0.01813571839266123
0.01624126688397473
0.016754174333205345
0.016387380956071045
0.020127018039739174
0.02038944697361372
0.016299557153273324
0.02417674562521514
0.015599300298765741
0.015533110945198988
0.019726115221027293
0.01563597780258231
0.018773096468058
0.018164369657789496
0.015508923040592506
0.01754410149880955
0.015810581036317203
0.01550539840201444
0.01972191673765714
0.016052540021158794
0.016967483123586546
0.01619401460720093
0.01837280135634559
0.015206611724826671
0.015433072598373385
0.01195382268499094
0.010032454744756673
0.01172151967652661
0.007621679835538496
0.00831833368904881
0.0076568812599485175
0.011432952193758299
0.006921205883073895
0.007294385684493191
0.009216983861919666
0.01119721387305135
0.00677925239315601
0.008724649264737571
0.009043859796178992
0.00797552849902599
0.008514189217261485
0.008520174994707827
0.017296902027983847
0.01394263311831671
0.011034463298034113
0.009105110144978914
0.012251457534928411
0.009449265444700001
0.009118424444607786
0.0076750230737729725
0.006537858249246838
0.006623357146070222
0.007661439304829367
0.006453102476456054
0.007598882344129921
0.0067487382751935335
0.012728976710373287
0.011338219996477602
0.007872746480354346
0.006063060293526368
0.008498506380929883
0.007726835179431162
0.007502525239480244
0.006103582059989207
0.005996963866019428
0.006480409168846892
0.007207507271767345
0.005575508262199793
0.006890209964856007
1.5577127783137197e-05
1.5414812040233038e-05
1.3873419082937028e-05
1.9552381752305052e-05
0.0020452782881876246
0.005027807659497609
0.007812039867032714
0.01306700435979388
0.02482411166370711
0.03386276241270457
0.042520853454733123
0.046785619962422864
0.053415882778825294
0.04352681036160983
0.0391037831254837
0.04822763035060061
0.04580851190426173
0.04345786550895957
0.04593793612188301
0.04402865615135528
0.04200631285372843
0.046025216925578934
0.05282799279389761
0.05161257290532826
0.05410418695572462
0.050383304459428915
0.04781994837896326
0.04981945324865656
0.04514026558401799
0.046817335122018244
0.05013858719974335
0.05006128605165466
0.05108391789672302
0.052105020322800115
0.05015818715315736
0.052951599097884335
0.05453116384174369
0.06592162320332054
0.05570265929112405
0.039682696510454675
0.04089218594892631
0.04248870352606888
0.037217290301469974
0.03473766960028422
0.036894100791253194
0.04869907329409208
0.053292438207454954
0.04423166394443192
0.044263350931223994
0.04759530301997344
0.05788516814743412
0.06215217599271881
0.06159695364051724
0.06075162621025372
0.055805273856011736
0.0605298192749028
0.0546773905684283
0.049694017725771276
0.047741941053560395
0.04612940411043306
0.03953934401297114
0.044601891762694405
0.041138370689347205
0.036385697524180236
0.04199121547240762
0.03859596334777638
0.03795403573809662
0.04081861672110313
0.045305281405560345
0.04704747456390637
0.051291495950117776
0.04765327469468401
0.045032121357147556
0.045516756956187496
0.04505101621824552
0.04684740002954732
0.050745703250406615
0.04748345973445574
0.04501027296807736
0.04985530286616838
0.046656223106974364
0.04605705721351289
0.051126329966270756
0.04520004818876392
0.04045376287660906
0.04000654317860215
0.033647710995860385
0.034371577618346076
0.029729890345399947
0.023625812659439964
0.023378468644269526
0.02331960690796723
0.02497012521956883
0.017918240315879908
0.019879072530246393
0.018388524126585544
0.021339610187105774
0.016164325795513183
0.019686144611713002
0.01559178952897237
0.014601945944289733
0.016030501857901693
0.015566128155569502
0.014128075678892722
0.013936760112872327
0.017861971438347533
0.01437373452570871
0.015405111302680912
0.019025266433894763
0.013699949731334463
0.013769214396190601
0.01906480791030927
0.017650572905256554
0.016521600511525812
0.014193438729248057
0.016007838796506895
0.015257004849475694
0.019526323977749054
0.018559746479708168
0.01579026972049309
0.019932020231278182
0.01619984070125573
0.01701128099388216
0.016024795518926216
0.015661814544485023
0.01239334895967691
0.013840419137648207
0.011312889947812349
0.009585012099587072
0.007573685223135958
0.006944274990845891
0.005419440143090763
0.00596466368106375
0.006393425439925351
0.004325769945049647
0.004123909329588457
0.004411360733133499
0.0040069051859850085
0.003098606303815026
0.0027686291916647955
0.002391948143448161
0.0018627441789269687
0.0016463379448714251
0.0009160636390848329
0.0009320442377649545
0.0009318751614033541
0.0009315370342810363
0.0009317396625371729
0.0009317397478448684
0.0009316379615424281
0.001165689647134896
0.0008488058550391295
0.0014710472165603433
0.0015088752589826004
0.0008160521397840885
0.0009299564620689284
0.0009336005481583317
0.0009155765965836788
0.0021911555354871036
0.0026399275267334423
1.6962235119790433e-05
1.6763304773527296e-05
2.692723581891763e-05
2.4136478769064518e-05
0.0030063016731003657
0.005630729068404953
0.009114791074915744
0.012252285076678261
0.02106924370584156
0.028244389876025372
0.03102576589411315
0.03720758002551417
0.03924205009653051
0.044144262665794624
0.046840201646192105
0.0484746247655785
0.050203346649628375
0.05248577450568469
0.05674730915679247
0.059672336143401186
0.04967872549829603
0.052214886671408646
0.049635290791708794
0.04069588653315284
0.04239850270997506
0.04000508255930045
0.04576563888431131
0.044662138785142566
0.03978655405382204
0.04285137391711389
0.04177956657161728
0.04240136120851942
0.045632790668726546
0.04410491615789062
0.04652301031543607
0.04997397227830254
0.048660750139498325
0.05108087639334127
0.05438480276107079
0.05396712010006629
0.05203176217847805
0.05284204344967579
0.051321969339910435
0.04989561906497099
0.05275152603689241
0.05496933671676174
0.06239281226749165
0.061334969804767464
0.052647386092379116
0.047489749651782286
0.044375706704630716
0.04943925709252663
0.04226312425097682
0.040455021062002945
0.04136945316858647
0.048858843568129424
0.034185393751452985
0.04649519915571059
0.03820109305391394
0.04276991974658171
0.041766214956550085
0.04079975375715834
0.0492088032283585
0.05593126875050089
0.05567202655669846
0.05193317323135552
0.05222605348898513
0.055771117564274254
0.0586705629763611
0.05856920077000895
0.0604753278189621
0.05093322165264003
0.052252111682381926
0.04468958933541133
0.047723314666374535
0.044721281436934816
0.037346185872572615
0.04416295453349756
0.03692984792642561
0.0414113781092764
0.03979750154566284
0.039154365392415694
0.04458072281118042
0.04618239354630973
0.05141134656008307
0.04876506780535609
0.05443601770588197
0.05176303042683242
0.05388830191273373
0.053512271278742266
0.05842194008399911
0.06038901489380246
0.05455154461825393
0.045029439306640294
0.041408803420051196
0.03252973370476846
0.03527382321394711
0.02839629132245799
0.02725370606172391
0.028430825419394783
0.027453904568418997
0.028220364979016005
0.02363151586051678
0.022543724841782076
0.023680138623954745
0.025883905219972726
0.020854135636043474
0.023220162264801114
0.022566904517723006
0.02531769349769559
0.01962315932824781
0.02132920021525921
0.020975040294885623
0.02451387340927982
0.024333797569181012
0.018699495795842656
0.020707432209151118
0.02026771843993243
0.020320387456972618
0.019813867664205828
0.01631594195367362
0.01725937046171271
0.01780206658310094
0.014494581392864078
0.016645461197679196
0.01496345953728384
0.012064480039670084
0.013301702332017181
0.012500085801475005
0.008012248507346656
0.007817389159899447
0.007886695868076426
0.0065463959338455694
0.00625815591368818
0.006785928700163358
0.00474819871931171
0.004681008648066521
0.004727823404894321
0.004610293863697268
0.003891626729263289
0.0035628970546949523
0.003052726315301722
0.002505176968268535
0.0019526926258055385
0.0014069020021805782
0.00036801822492452346
0.00037356547665623203
0.0003737512118151851
0.00037377594128946826
0.00037450852071251663
0.0003765697549757813
0.00037433884318676145
0.0003743524506132531
0.0003728697192481612
0.00037539929741119577
0.00037787075097095034
0.00037780811170028036
0.00037437399168860477
0.00037427638452997334
0.00037340215952882537
1.4579229403929572e-05
1.5609724193124816e-05
1.4499492951095099e-05
2.650574388794469e-05
0.004142665363896415
0.006763698735938363
0.010934662273337059
0.019703608406723933
0.02774211358916125
0.034211738363000704
0.04119054802843
0.04525074050796845
0.04889153631288535
0.049487954072194425
0.04921495099626235
0.039495710719671874
0.035103568065433084
0.033942446747731586
0.03477567534264633
0.02617953807635131
0.032120101123912705
0.02269519634874774
0.021441567839155
0.02095606400346873
0.02342601511931052
0.02274068991081263
0.015814997855347134
0.01573543822822338
0.01365052174535726
0.014384182844961487
0.014287684089912512
0.0132852355105863
0.016877721373609298
0.01602907252250835
0.020431734391859562
0.01320088679366701
0.01936944042891535
0.01451255442842615
0.01339856191956227
0.016497121911596017
0.018497869456620887
0.01536008451570482
0.014444373071776777
0.01938110328199682
0.01971022031685025
0.017857448198838822
0.020104911690532672
0.022434985140430245
0.028879933063110114
0.028381005137462452
0.03802089809663354
0.04860657622910469
0.06541621667312314
0.05989009494454773
0.0426001099742498
0.03053752077818507
0.02562352897709757
0.0194385480494663
0.01868283799399218
0.015697930368774798
0.014863871966806006
0.012891243351316443
0.011921568331733195
0.015192796700697698
0.013664822224733749
0.010656538781052062
0.010396671781820358
0.010957117921293323
0.016369669752612306
0.015491553014943978
0.01401811952927325
0.010009732913403496
0.012172925485788402
0.013045116583231344
0.010550056276958155
0.011193466984424019
0.010752258717392072
0.013215516395714683
0.011945880031214356
0.01425802751494776
0.0125851485396575
0.014233251231138076
0.017078450444379802
0.019660888317123187
0.016952411795964063
0.015206342312917492
0.015027739224526661
0.01607068847717837
0.01486578668961634
0.017863550706867123
0.019984123341323778
0.016417685103723694
0.015987671440977347
0.013072453696320997
0.008393811055902456
0.005090506436248894
0.005434800062345678
0.004272868353046954
0.0039038587830338358
0.0037228596951530777
0.0037051069608210834
0.0034177931617082238
0.0037459476287085756
0.0036807605871306535
0.0033727877456385387
0.0042843017553110966
0.0041933666427176495
0.0042755395350992315
0.005432998705561551
0.006571144005646189
0.008110412263546418
0.008666367138715934
0.010455229356459574
0.010062400976250213
0.008269284950127562
0.005162997921615863
0.004561471058961472
0.0039748345860054326
0.004167509364052699
0.0056407719182810095
0.008247860652192409
0.008844016753406674
0.008767585710149838
0.008259951239436335
0.009158412143194856
0.009435299827386988
0.008942545743478296
0.008490140206990635
0.007519500029208958
0.008706245983983011
0.010079225942494037
0.010209515834053377
0.010159858303684502
0.010332084056030335
0.01122548985781064
0.009605673812428278
0.008467621817314405
0.008327760385744606
0.009205823514233095
0.007895866859245072
0.008105864139322997
0.008568502648239967
0.008082790231046248
0.008991849696056294
0.006068893053532488
0.004352450797731248
0.0033536417748353713
0.003896169853020887
0.005471402329863389
0.0047796766209659705
0.005221270210072331
0.0075822961523069705
0.009824418983245717
0.012173003145694354
0.011589776689013086
0.011887423572075685
0.013416203915321374
0.012739326033239278
0.010211850204478871
0.009362255337328967
