11 2 -1
157 62 -1
248 220 -1
216 85 -1
247 50 -1
247 50 -1
104 1 -1
371 224 -1
307 192 -1
323 229 -1
108 35 -1
157 62 -1
446 388 -1
338 268 -1
95 38 -1
424 329 -1
225 180 -1
621 482 -1
72 9 -1
190 136 -1
212 159 -1
676 409 -1
734 463 -1
250 161 -1
108 35 -1
429 73 -1
717 532 -1
415 286 -1
695 382 -1
481 81 -1
604 336 -1
457 263 -1
968 739 -1
622 63 -1
458 442 -1
640 33 -1
822 324 -1
324 159 -1
744 496 -1
825 577 -1
588 445 -1
747 217 -1
410 203 -1
899 583 -1
816 545 -1
1051 1004 -1
855 245 -1
424 329 -1
1280 956 -1
723 522 -1
1083 133 -1
133 8 -1
986 912 -1
736 632 -1
899 583 -1
769 584 -1
1151 280 -1
324 159 -1
212 159 -1
968 739 -1
688 49 -1
507 141 -1
1071 377 -1
1360 1076 -1
702 339 -1
1265 1153 -1
1315 1149 -1
1200 617 -1
717 532 -1
273 220 -1
1407 1340 -1
410 203 -1
1517 1169 -1
1571 1110 -1
1231 272 -1
212 159 -1
1371 1275 -1
1466 1129 -1
769 584 -1
822 324 -1
324 159 -1
1431 1341 -1
1676 1446 -1
1446 786 -1
1253 938 -1
1536 917 -1
1488 1393 -1
1312 998 -1
1142 401 -1
401 22 -1
1185 838 -1
838 207 -1
940 795 -1
1669 1542 -1
1681 1366 -1
1556 1350 -1
1557 696 -1
1464 1163 -1
1634 506 -1
1402 831 -1
1630 1538 -1
940 795 -1
1609 860 -1
1451 1235 -1
424 329 -1
1312 998 -1
1779 1535 -1
1660 1190 -1
1871 960 -1
1492 412 -1
412 42 -1
1934 1902 -1
1371 1275 -1
1576 1162 -1
235 55 -1
702 339 -1
108 35 -1
2042 1500 -1
1692 1383 -1
216 85 -1
1682 870 -1
870 88 -1
569 381 -1
1144 1061 -1
1912 1243 -1
2160 2097 -1
2232 1739 -1
1939 1910 -1
2307 2121 -1
1980 1419 -1
2067 2022 -1
2282 1907 -1
1907 1680 -1
2158 2119 -1
2011 1842 -1
2285 2186 -1
2259 1543 -1
2279 1825 -1
2181 1640 -1
1765 1462 -1
2160 2097 -1
1487 1161 -1
1869 1725 -1
2405 89 -1
2380 2084 -1
2084 1923 -1
1430 828 -1
828 601 -1
2200 1443 -1
1588 842 -1
2093 2047 -1
1830 1489 -1
1948 1376 -1
1922 243 -1
744 496 -1
1328 1054 -1
2296 2086 -1
2220 2144 -1
2192 1875 -1
2389 2216 -1
2109 1976 -1
1669 1542 -1
2368 1433 -1
2477 2077 -1
2558 1671 -1
2484 2011 -1
2011 1842 -1
2139 1788 -1
1788 1733 -1
23 8 -1
1528 1135 -1
1796 489 -1
1384 1191 -1
1672 1624 -1
1551 1458 -1
2568 2544 -1
2544 1417 -1
2550 2441 -1
2441 1334 -1
715 106 -1
955 183 -1
2082 1566 -1
2644 1686 -1
1686 1209 -1
1856 1607 -1
1857 955 -1
955 183 -1
1948 1376 -1
2384 2330 -1
2384 2330 -1
2548 2183 -1
2056 1449 -1
1622 708 -1
1922 243 -1
2529 2486 -1
1730 1526 -1
2503 2290 -1
1942 804 -1
2362 1343 -1
2478 1991 -1
2477 2077 -1
1722 1648 -1
2494 2255 -1
2255 1811 -1
2695 2416 -1
2165 2002 -1
2482 1959 -1
2770 2686 -1
2628 2113 -1
2546 1890 -1
2841 2724 -1
2773 2703 -1
2326 2110 -1
2583 2433 -1
2913 2512 -1
2947 2910 -1
2653 2518 -1
2518 2033 -1
2451 2126 -1
2126 2078 -1
2895 2870 -1
1884 1581 -1
1581 281 -1
281 125 -1
2642 2302 -1
2302 1794 -1
2736 2508 -1
2225 2173 -1
2616 2375 -1
2753 2430 -1
2430 715 -1
715 106 -1
2800 2720 -1
2774 2204 -1
2344 1545 -1
1545 596 -1
1655 1084 -1
2625 1223 -1
2714 2082 -1
2082 1566 -1
2904 2862 -1
1669 1542 -1
1551 1458 -1
3055 3009 -1
2752 2106 -1
2568 2544 -1
2544 1417 -1
2885 2760 -1
2760 2199 -1
3025 2962 -1
2987 2872 -1
3007 2475 -1
2475 2049 -1
2049 1782 -1
2845 2348 -1
2956 2790 -1
3087 3053 -1
3053 2857 -1
2908 2581 -1
2581 1268 -1
2583 2433 -1
3022 2926 -1
1765 1462 -1
3128 2912 -1
2912 2506 -1
3026 2820 -1
2943 2857 -1
1802 1108 -1
3186 3059 -1
3134 2822 -1
3010 3002 -1
2619 2391 -1
3055 3009 -1
2741 2634 -1
2634 2561 -1
2093 2047 -1
1312 998 -1
3155 2460 -1
2460 1610 -1
1610 1249 -1
1249 582 -1
3033 2925 -1
2925 2556 -1
2556 1805 -1
2892 2189 -1
3157 2881 -1
2881 2549 -1
3162 2579 -1
3102 3020 -1
3020 2804 -1
2804 2017 -1
3282 3203 -1
3244 3226 -1
3022 2926 -1
2322 2170 -1
2170 1124 -1
2880 2386 -1
3172 2763 -1
2763 2674 -1
3010 3002 -1
3169 3017 -1
3017 2718 -1
3244 3226 -1
3016 2767 -1
2767 1541 -1
3282 3203 -1
3259 3153 -1
2751 2580 -1
2580 1995 -1
1995 1206 -1
3129 2894 -1
2894 2786 -1
2786 2678 -1
1712 919 -1
919 861 -1
3343 3324 -1
3324 3029 -1
3231 2828 -1
2828 2493 -1
2493 2449 -1
2449 2248 -1
2248 1392 -1
3298 3206 -1
3206 2622 -1
3326 3253 -1
3253 2938 -1
3187 2849 -1
2849 2303 -1
3457 3181 -1
3181 2963 -1
2963 2436 -1
3337 3215 -1
3215 2975 -1
3369 2942 -1
2942 2388 -1
2388 2058 -1
3483 2801 -1
3387 3315 -1
3225 2796 -1
3133 2521 -1
3473 3408 -1
3448 3363 -1
3471 3112 -1
2636 2329 -1
2329 1819 -1
3303 3096 -1
2276 1018 -1
3433 3135 -1
3573 3450 -1
2482 1959 -1
2327 2105 -1
3560 3293 -1
3293 3038 -1
3038 2818 -1
2818 2471 -1
3279 3266 -1
3430 3021 -1
3021 2540 -1
3573 3450 -1
1968 1566 -1
3459 3233 -1
3233 2619 -1
2619 2391 -1
3142 3005 -1
3578 3434 -1
3249 2929 -1
2929 1965 -1
2692 2400 -1
2476 2297 -1
2297 1732 -1
1732 950 -1
3512 3359 -1
3359 3319 -1
2509 2284 -1
3657 3539 -1
3539 3305 -1
3628 3589 -1
3582 3426 -1
3651 3637 -1
3591 3358 -1
3358 3202 -1
3202 3111 -1
3111 2988 -1
3694 3559 -1
3680 3616 -1
3616 3557 -1
3557 3546 -1
3696 3689 -1
3634 3322 -1
2999 2955 -1
3304 3054 -1
3054 1894 -1
1894 1196 -1
3711 3600 -1
3600 3392 -1
3392 2906 -1
2906 2497 -1
3688 3533 -1
3598 3175 -1
3479 3339 -1
3583 3414 -1
3722 3714 -1
2476 2297 -1
2297 1732 -1
1732 950 -1
3802 3721 -1
3721 3629 -1
3131 2351 -1
2351 644 -1
3747 3652 -1
3652 3465 -1
3465 3107 -1
3107 2779 -1
3752 3712 -1
3712 3646 -1
3808 3727 -1
3727 3675 -1
1981 1705 -1
3820 3601 -1
3601 3371 -1
3371 2443 -1
2443 1363 -1
3792 3603 -1
3603 2966 -1
3722 3714 -1
3780 3771 -1
3301 2903 -1
3479 3339 -1
3793 3772 -1
3866 3853 -1
2000 1500 -1
3766 3665 -1
3665 3598 -1
3598 3175 -1
781 75 -1
3722 3714 -1
3838 3742 -1
3742 3669 -1
3669 3511 -1
3479 3339 -1
2695 2416 -1
3912 3865 -1
3885 3809 -1
3809 3719 -1
3719 3513 -1
3513 2909 -1
2909 2456 -1
3515 3330 -1
3330 3237 -1
3892 3065 -1
3065 2565 -1
2565 1612 -1
3940 3890 -1
3794 3113 -1
3113 2871 -1
3982 3925 -1
3990 3917 -1
3917 3826 -1
2476 2297 -1
2297 1732 -1
1732 950 -1
3993 3822 -1
3822 3280 -1
3280 1998 -1
4007 4005 -1
3852 3576 -1
3576 3252 -1
3997 3961 -1
3961 3887 -1
3887 3756 -1
3756 3625 -1
3625 3437 -1
3437 3329 -1
4036 4023 -1
3941 3640 -1
3640 3627 -1
4054 4051 -1
4059 4041 -1
2893 1651 -1
2789 908 -1
908 733 -1
733 353 -1
3495 2900 -1
2900 2035 -1
2035 1989 -1
1597 1155 -1
3022 2926 -1
1597 1155 -1
4092 4048 -1
4077 4063 -1
4094 4093 -1
3884 3720 -1
3720 3604 -1
4095 4080 -1
3910 3555 -1
3725 2627 -1
4055 4003 -1
4003 3896 -1
3896 3783 -1
3783 3207 -1
4106 4096 -1
3976 3915 -1
2206 2152 -1
2152 1889 -1
4133 3932 -1
3932 3698 -1
3698 3312 -1
3312 3114 -1
3114 2882 -1
3025 2962 -1
2668 1751 -1
4175 4045 -1
4045 3841 -1
4092 4048 -1
3611 2976 -1
2976 1545 -1
1545 596 -1
4183 4057 -1
4057 3390 -1
4126 4117 -1
4215 4207 -1
2584 721 -1
4045 3841 -1
3952 3909 -1
3909 3794 -1
3794 3113 -1
3113 2871 -1
316 104 -1
104 1 -1
281 125 -1
157 62 -1
478 388 -1
569 381 -1
825 577 -1
736 632 -1
984 560 -1
410 203 -1
731 691 -1
940 795 -1
816 545 -1
537 84 -1
1097 471 -1
599 375 -1
375 84 -1
422 355 -1
723 522 -1
723 522 -1
747 217 -1
747 217 -1
731 691 -1
478 388 -1
985 958 -1
1370 953 -1
1398 1150 -1
1415 820 -1
422 355 -1
1584 1456 -1
1222 370 -1
1711 612 -1
612 499 -1
1407 1340 -1
1348 805 -1
868 501 -1
1315 1149 -1
1799 125 -1
1692 1383 -1
1661 1554 -1
1530 477 -1
1259 961 -1
56 11 -1
11 2 -1
1451 1235 -1
1838 1703 -1
505 334 -1
334 221 -1
361 226 -1
978 543 -1
190 136 -1
361 226 -1
588 445 -1
11 2 -1
2012 1660 -1
1660 1190 -1
1531 1461 -1
1487 1161 -1
968 739 -1
1765 1462 -1
1765 1462 -1
1487 1161 -1
334 221 -1
1470 705 -1
1571 1110 -1
1945 1262 -1
318 212 -1
212 159 -1
2270 2215 -1
2056 1449 -1
1981 1705 -1
2283 2083 -1
774 585 -1
1790 1180 -1
1711 612 -1
612 499 -1
1765 1462 -1
2273 2140 -1
1487 1161 -1
1588 842 -1
1921 1041 -1
2067 2022 -1
1753 1742 -1
788 590 -1
2168 1982 -1
2056 1449 -1
2288 1872 -1
2342 1677 -1
978 543 -1
2233 646 -1
2165 2002 -1
2424 618 -1
1934 1902 -1
599 375 -1
375 84 -1
2503 2290 -1
2608 2407 -1
2573 1559 -1
2685 2264 -1
2694 2544 -1
2544 1417 -1
2616 2375 -1
2056 1449 -1
2095 1930 -1
2202 1763 -1
2343 1476 -1
2595 1977 -1
1730 1526 -1
2637 2122 -1
2122 2101 -1
2247 2222 -1
1954 436 -1
1697 1248 -1
1248 502 -1
2443 1363 -1
1349 311 -1
2642 2302 -1
2302 1794 -1
2095 1930 -1
1945 1262 -1
2219 1930 -1
1856 1607 -1
986 912 -1
2548 2183 -1
2219 1930 -1
2219 1930 -1
1711 612 -1
612 499 -1
638 272 -1
1517 1169 -1
2041 1515 -1
1515 204 -1
1921 1041 -1
734 463 -1
2695 2416 -1
1531 1461 -1
2482 1959 -1
2922 1633 -1
2683 1829 -1
2143 1663 -1
2599 2350 -1
2350 1195 -1
429 73 -1
870 88 -1
2692 2400 -1
2282 1907 -1
1907 1680 -1
1425 1084 -1
2282 1907 -1
1907 1680 -1
1508 1431 -1
1431 1341 -1
2184 2036 -1
1760 1697 -1
1697 1248 -1
1248 502 -1
1800 773 -1
1726 1400 -1
1400 719 -1
2666 2358 -1
2879 2428 -1
2428 1868 -1
2998 1804 -1
2956 2790 -1
2797 2024 -1
2736 2508 -1
990 81 -1
2599 2350 -1
2350 1195 -1
2401 1310 -1
1310 680 -1
2139 1788 -1
1788 1733 -1
3161 2847 -1
3026 2820 -1
3026 2820 -1
2241 784 -1
2548 2183 -1
3152 2607 -1
3193 1084 -1
2864 2096 -1
2096 1391 -1
2413 2127 -1
1426 828 -1
828 601 -1
1623 1321 -1
2475 2049 -1
2049 1782 -1
2985 1745 -1
2709 2365 -1
2581 1268 -1
1384 1191 -1
2616 2375 -1
457 263 -1
2683 1829 -1
2293 2078 -1
2565 1612 -1
3161 2847 -1
3278 1410 -1
1410 716 -1
2623 1385 -1
2307 2121 -1
2623 1385 -1
2983 2639 -1
2639 2019 -1
1693 1198 -1
2895 2870 -1
1545 596 -1
3073 2948 -1
2490 2240 -1
2240 2087 -1
3234 2975 -1
2818 2471 -1
3306 3174 -1
2515 714 -1
3183 3167 -1
1426 828 -1
828 601 -1
2259 1543 -1
3336 3246 -1
2379 1130 -1
765 667 -1
2666 2358 -1
2623 1385 -1
2834 1425 -1
1425 1084 -1
2989 2962 -1
2542 1553 -1
3338 2519 -1
1531 1461 -1
3021 2540 -1
2644 1686 -1
1686 1209 -1
2694 2544 -1
2544 1417 -1
2969 1948 -1
1948 1376 -1
2951 2832 -1
3323 3204 -1
3169 3017 -1
3017 2718 -1
2895 2870 -1
3127 2558 -1
2558 1671 -1
2200 1443 -1
2135 348 -1
822 324 -1
324 159 -1
1871 960 -1
3367 3254 -1
2562 2143 -1
2143 1663 -1
3214 2899 -1
3202 3111 -1
3111 2988 -1
744 496 -1
469 7 -1
2593 1528 -1
1528 1135 -1
3340 2704 -1
3318 3219 -1
3219 3177 -1
2572 498 -1
3038 2818 -1
2818 2471 -1
3488 3309 -1
688 49 -1
3538 3290 -1
2437 996 -1
3269 3069 -1
3187 2849 -1
2849 2303 -1
3406 2688 -1
2688 2027 -1
3447 2635 -1
2635 2473 -1
3406 2688 -1
2688 2027 -1
1692 1383 -1
1860 784 -1
2133 1820 -1
3344 3257 -1
3257 2761 -1
2411 2409 -1
3344 3257 -1
3257 2761 -1
3030 2872 -1
3503 3364 -1
3364 3035 -1
3035 2240 -1
2240 2087 -1
2800 2720 -1
3249 2929 -1
2929 1965 -1
2989 2962 -1
3205 2353 -1
3499 2442 -1
919 861 -1
2979 2053 -1
2053 1139 -1
1412 574 -1
574 219 -1
2613 2510 -1
2510 1361 -1
757 314 -1
3353 3151 -1
3260 2955 -1
3499 2442 -1
2946 2670 -1
2670 2256 -1
2585 1925 -1
1925 1170 -1
1170 745 -1
745 505 -1
505 334 -1
334 221 -1
2051 1359 -1
2956 2790 -1
2339 1208 -1
1532 700 -1
3374 3352 -1
3352 3214 -1
3214 2899 -1
2828 2493 -1
2493 2449 -1
2449 2248 -1
2248 1392 -1
2009 282 -1
1142 401 -1
401 22 -1
3349 3222 -1
3222 1955 -1
2630 2464 -1
2464 2015 -1
3326 3253 -1
3253 2938 -1
3217 3067 -1
3067 2677 -1
3387 3315 -1
1833 845 -1
3338 2519 -1
3344 3257 -1
3257 2761 -1
2428 1868 -1
3643 3617 -1
3662 3562 -1
3562 3304 -1
3304 3054 -1
3054 1894 -1
1894 1196 -1
3054 1894 -1
1894 1196 -1
3162 2579 -1
2881 2549 -1
2248 1392 -1
2692 2400 -1
3610 3497 -1
3070 2844 -1
3471 3112 -1
3552 3188 -1
3188 2997 -1
2997 2860 -1
2860 1885 -1
1885 1586 -1
1925 1170 -1
1170 745 -1
745 505 -1
505 334 -1
334 221 -1
3588 1828 -1
1828 1038 -1
1038 176 -1
3164 2730 -1
2730 1617 -1
3070 2844 -1
3473 3408 -1
3587 3490 -1
3490 3158 -1
3158 3046 -1
3471 3112 -1
3162 2579 -1
2928 2308 -1
1083 133 -1
133 8 -1
2556 1805 -1
401 22 -1
3423 2928 -1
2928 2308 -1
3416 3185 -1
3185 2502 -1
2502 1906 -1
3466 3447 -1
3447 2635 -1
2635 2473 -1
2940 2507 -1
3010 3002 -1
3447 2635 -1
2635 2473 -1
3436 2937 -1
2937 2148 -1
3264 2506 -1
3067 2677 -1
2056 1449 -1
1470 705 -1
3683 2629 -1
2629 1244 -1
1244 125 -1
3345 3238 -1
3238 2944 -1
3525 3412 -1
3376 3313 -1
3313 3116 -1
2717 1804 -1
3421 3316 -1
3398 2884 -1
3778 3768 -1
3696 3689 -1
2374 2203 -1
3503 3364 -1
3364 3035 -1
3035 2240 -1
2240 2087 -1
3310 3182 -1
3242 2662 -1
2662 1891 -1
2861 1207 -1
2632 2114 -1
3127 2558 -1
2558 1671 -1
1505 1140 -1
3821 3725 -1
3725 2627 -1
2543 948 -1
2298 1849 -1
2505 1714 -1
3844 2527 -1
3282 3203 -1
3844 2527 -1
351 84 -1
3651 3637 -1
3275 3066 -1
3066 2863 -1
2863 2229 -1
3449 3146 -1
3146 2532 -1
3614 3079 -1
3079 2176 -1
3716 2491 -1
2491 61 -1
2283 2083 -1
1605 1050 -1
1050 228 -1
3710 3510 -1
3888 3753 -1
3145 2448 -1
1555 1159 -1
3798 3746 -1
505 334 -1
334 221 -1
400 12 -1
3844 2527 -1
2815 590 -1
3340 2704 -1
3886 3672 -1
3672 3000 -1
3741 3584 -1
3538 3290 -1
3727 3675 -1
3495 2900 -1
2900 2035 -1
2035 1989 -1
3931 3923 -1
3923 2675 -1
2675 2487 -1
3810 1874 -1
1874 232 -1
3897 3868 -1
3839 3715 -1
3715 3594 -1
3091 2931 -1
2763 2674 -1
3620 3607 -1
3607 2373 -1
2373 1672 -1
1672 1624 -1
3260 2955 -1
2593 1528 -1
1528 1135 -1
3614 3079 -1
3079 2176 -1
3552 3188 -1
3188 2997 -1
2997 2860 -1
2860 1885 -1
1885 1586 -1
3543 1932 -1
3822 3280 -1
3280 1998 -1
3590 2505 -1
2505 1714 -1
3928 3835 -1
3835 3660 -1
3660 2467 -1
2467 756 -1
3967 2414 -1
2414 821 -1
3777 3092 -1
3472 2431 -1
2431 1198 -1
717 532 -1
662 14 -1
4000 3876 -1
3876 3813 -1
2537 2406 -1
3605 2739 -1
3332 2236 -1
2236 1000 -1
3953 3702 -1
3453 3428 -1
3749 3653 -1
3653 3367 -1
3367 3254 -1
1780 1136 -1
4014 2408 -1
2408 1683 -1
1683 1606 -1
4012 3987 -1
3987 3915 -1
3928 3835 -1
3835 3660 -1
3660 2467 -1
2467 756 -1
1097 471 -1
2356 2122 -1
2122 2101 -1
3165 1656 -1
3877 3718 -1
3718 3080 -1
3080 1548 -1
1548 317 -1
781 75 -1
3889 3872 -1
3991 2902 -1
2902 1119 -1
2695 2416 -1
3942 3861 -1
3928 3835 -1
3835 3660 -1
3660 2467 -1
2467 756 -1
4028 2382 -1
2382 1971 -1
1971 852 -1
4020 3748 -1
4028 2382 -1
2382 1971 -1
1971 852 -1
2974 1057 -1
4040 3741 -1
3741 3584 -1
2383 1732 -1
1732 950 -1
3975 3851 -1
3877 3718 -1
3718 3080 -1
3080 1548 -1
1548 317 -1
3929 3584 -1
3672 3000 -1
3030 2872 -1
2093 2047 -1
4045 3841 -1
1934 1902 -1
4047 3717 -1
3774 3348 -1
3954 886 -1
2983 2639 -1
2639 2019 -1
3920 3762 -1
3762 3531 -1
3531 3013 -1
4059 4041 -1
3759 3285 -1
3895 3775 -1
3775 3272 -1
3660 2467 -1
2467 756 -1
2807 2062 -1
2062 963 -1
3066 2863 -1
2863 2229 -1
4031 4025 -1
3709 3692 -1
3692 3507 -1
3599 3218 -1
3218 2880 -1
2880 2386 -1
3905 3769 -1
3769 3710 -1
3710 3510 -1
4069 4004 -1
3884 3720 -1
3720 3604 -1
3797 3060 -1
3060 2876 -1
2876 2734 -1
2734 2462 -1
3683 2629 -1
2629 1244 -1
1244 125 -1
2491 61 -1
1646 1192 -1
1604 686 -1
2135 348 -1
4047 3717 -1
3383 1973 -1
1973 464 -1
4034 3839 -1
3839 3715 -1
3715 3594 -1
2093 2047 -1
3952 3909 -1
3909 3794 -1
3794 3113 -1
3113 2871 -1
4018 3955 -1
3955 3553 -1
3553 2813 -1
2813 2780 -1
3969 3854 -1
3854 3664 -1
3862 3836 -1
3836 3728 -1
3773 3441 -1
3441 3159 -1
3159 2523 -1
3721 3629 -1
3194 2366 -1
1973 464 -1
3967 2414 -1
2414 821 -1
4073 1121 -1
1121 528 -1
3958 1502 -1
3839 3715 -1
3715 3594 -1
3234 2975 -1
3888 3753 -1
3839 3715 -1
3715 3594 -1
3124 2791 -1
2791 1695 -1
2983 2639 -1
2639 2019 -1
3590 2505 -1
2505 1714 -1
4077 4063 -1
2505 1714 -1
4109 3989 -1
3754 3045 -1
3045 2835 -1
2835 2230 -1
3827 1090 -1
1090 789 -1
2259 1543 -1
1597 1155 -1
2973 1816 -1
4075 1895 -1
4053 2965 -1
2965 1741 -1
1741 1699 -1
1699 902 -1
3791 3335 -1
3335 2426 -1
4136 3555 -1
4095 4080 -1
3944 3151 -1
3952 3909 -1
3909 3794 -1
3794 3113 -1
3113 2871 -1
3884 3720 -1
3720 3604 -1
3573 3450 -1
3569 3432 -1
3432 3250 -1
3442 3091 -1
3091 2931 -1
3776 1308 -1
1308 1082 -1
1082 795 -1
4107 1679 -1
4139 4110 -1
1845 837 -1
4053 2965 -1
2965 1741 -1
1741 1699 -1
1699 902 -1
4115 4070 -1
4070 4033 -1
4033 3984 -1
3984 3916 -1
3916 3682 -1
3682 3518 -1
3518 3467 -1
3467 3235 -1
3668 3661 -1
3661 3631 -1
3600 3392 -1
3392 2906 -1
2906 2497 -1
3953 3702 -1
4100 4027 -1
2135 348 -1
4076 3938 -1
3938 3561 -1
3561 3410 -1
3992 3908 -1
3908 3765 -1
3765 3602 -1
3282 3203 -1
4075 1895 -1
4146 4142 -1
4114 4082 -1
4082 4043 -1
4043 3918 -1
3918 3843 -1
3834 3178 -1
4128 4087 -1
3499 2442 -1
4073 1121 -1
1121 528 -1
4131 4108 -1
4108 3745 -1
3745 2345 -1
2345 608 -1
296 104 -1
104 1 -1
4131 4108 -1
4108 3745 -1
3745 2345 -1
2345 608 -1
3963 3196 -1
3196 2723 -1
2723 2657 -1
2657 1898 -1
4133 3932 -1
3932 3698 -1
3698 3312 -1
3312 3114 -1
3114 2882 -1
4067 3864 -1
4145 3487 -1
4129 4086 -1
4086 3575 -1
4099 4084 -1
4084 4081 -1
3777 3092 -1
3674 2198 -1
4156 3662 -1
3662 3562 -1
3562 3304 -1
3304 3054 -1
3054 1894 -1
1894 1196 -1
2380 2084 -1
2084 1923 -1
3821 3725 -1
3725 2627 -1
3876 3813 -1
3983 3966 -1
3966 3964 -1
3846 3567 -1
3567 3267 -1
3267 3027 -1
3738 3470 -1
1332 243 -1
4174 2939 -1
4169 3754 -1
3754 3045 -1
3045 2835 -1
2835 2230 -1
3957 3693 -1
3693 3542 -1
3212 1211 -1
1211 593 -1
3932 3698 -1
3698 3312 -1
3312 3114 -1
3114 2882 -1
4185 4132 -1
4132 4125 -1
4166 4125 -1
4179 4104 -1
4104 4013 -1
733 353 -1
4173 4071 -1
3787 3666 -1
3666 3428 -1
4049 3815 -1
3815 3705 -1
3705 3534 -1
2503 2290 -1
4169 3754 -1
3754 3045 -1
3045 2835 -1
2835 2230 -1
1006 376 -1
4191 2415 -1
2415 1122 -1
1122 115 -1
4078 3666 -1
3666 3428 -1
4176 4120 -1
4120 3494 -1
3494 2775 -1
2775 2208 -1
2208 1713 -1
2573 1559 -1
4097 4049 -1
4049 3815 -1
3815 3705 -1
3705 3534 -1
4054 4051 -1
4194 4147 -1
3427 3024 -1
855 245 -1
3025 2962 -1
4161 4046 -1
4046 3840 -1
3840 3318 -1
3318 3219 -1
3219 3177 -1
3937 3921 -1
3333 2850 -1
4198 4157 -1
4157 3685 -1
3154 3022 -1
3022 2926 -1
3799 3726 -1
4124 3833 -1
3833 3338 -1
3338 2519 -1
4040 3741 -1
3741 3584 -1
2923 1043 -1
4181 493 -1
493 240 -1
3480 1392 -1
4148 4122 -1
4122 3824 -1
3824 3726 -1
3334 2377 -1
4151 4119 -1
4119 4017 -1
4017 3478 -1
3478 2765 -1
2765 1029 -1
4221 4212 -1
4213 2590 -1
3967 2414 -1
2414 821 -1
4229 3967 -1
3967 2414 -1
2414 821 -1
4133 3932 -1
3932 3698 -1
3698 3312 -1
3312 3114 -1
3114 2882 -1
3944 3151 -1
3797 3060 -1
3060 2876 -1
2876 2734 -1
2734 2462 -1
4194 4147 -1
3763 3517 -1
3517 3229 -1
3229 3040 -1
4215 4207 -1
4234 4203 -1
2791 1695 -1
4238 4232 -1
4239 2414 -1
2414 821 -1
3394 3359 -1
3359 3319 -1
4239 2414 -1
2414 821 -1
3778 3768 -1
4201 4196 -1
4196 4193 -1
4193 4111 -1
4192 2920 -1
4238 4232 -1
4146 4142 -1
4244 4235 -1
4235 4209 -1
4043 3918 -1
3918 3843 -1
4244 4235 -1
4235 4209 -1
3520 3390 -1
4247 4107 -1
4107 1679 -1
3053 2857 -1
4 0 1
2 0 1
6 1 1
8 0 1
14 3 1
13 10 1
13 3 1
29 3 1
17 10 1
26 25 1
37 35 1
16 5 1
41 3 1
21 15 1
44 15 1
48 11 1
43 24 1
47 16 1
46 19 1
57 31 1
32 12 1
66 54 1
40 31 1
61 40 1
50 38 1
69 27 1
74 1 1
65 18 1
82 13 1
71 22 1
87 60 1
49 30 1
76 1 1
49 36 1
73 58 1
85 19 1
34 6 1
100 89 1
78 46 1
99 35 1
75 32 1
111 5 1
58 26 1
75 45 1
118 46 1
54 51 1
103 53 1
102 27 1
121 28 1
70 12 1
92 52 1
100 52 1
138 102 1
141 20 1
64 31 1
132 18 1
60 28 1
119 101 1
124 9 1
123 114 1
106 15 1
137 24 1
101 1 1
93 65 1
139 78 1
151 149 1
128 9 1
142 43 1
129 123 1
143 129 1
163 5 1
156 6 1
134 70 1
107 71 1
98 66 1
77 24 1
155 81 1
167 18 1
116 24 1
116 80 1
169 161 1
107 18 1
147 59 1
122 98 1
185 129 1
96 12 1
68 63 1
94 84 1
122 60 1
173 90 1
149 25 1
186 47 1
193 16 1
161 5 1
88 67 1
187 59 1
127 80 1
188 142 1
177 171 1
208 196 1
210 7 1
181 157 1
90 88 1
110 81 1
206 175 1
200 70 1
165 16 1
226 99 1
228 162 1
146 103 1
68 59 1
233 131 1
213 51 1
178 80 1
224 20 1
195 26 1
174 88 1
227 40 1
229 17 1
238 209 1
206 9 1
158 21 1
231 134 1
83 34 1
166 53 1
239 234 1
248 7 1
197 194 1
140 113 1
275 209 1
283 234 1
97 42 1
253 21 1
266 53 1
238 109 1
263 48 1
276 69 1
179 124 1
217 33 1
223 201 1
291 270 1
201 89 1
261 182 1
242 146 1
289 268 1
182 92 1
222 214 1
308 218 1
279 139 1
262 165 1
310 42 1
249 164 1
254 130 1
258 30 1
320 160 1
130 79 1
115 113 1
322 202 1
252 77 1
317 55 1
184 177 1
282 255 1
259 40 1
249 33 1
86 59 1
271 130 1
198 101 1
305 269 1
175 172 1
264 176 1
345 300 1
336 211 1
152 138 1
257 194 1
297 240 1
160 110 1
204 79 1
205 86 1
343 200 1
341 138 1
352 331 1
309 213 1
265 124 1
183 7 1
234 218 1
203 86 1
362 294 1
312 274 1
350 45 1
319 158 1
366 246 1
348 184 1
311 20 1
339 216 1
286 18 1
360 79 1
297 90 1
374 130 1
267 158 1
306 130 1
325 55 1
170 166 1
230 207 1
380 341 1
368 275 1
221 219 1
291 140 1
199 94 1
247 246 1
305 265 1
309 303 1
395 247 1
357 171 1
144 140 1
378 120 1
407 252 1
330 258 1
308 302 1
403 170 1
295 83 1
391 113 1
222 202 1
394 71 1
369 92 1
79 27 1
359 214 1
274 168 1
389 104 1
397 239 1
377 236 1
354 145 1
417 83 1
355 170 1
385 59 1
416 185 1
411 302 1
321 168 1
313 28 1
292 36 1
362 249 1
349 327 1
379 78 1
413 251 1
425 399 1
189 96 1
434 357 1
236 207 1
436 371 1
347 304 1
407 160 1
438 162 1
280 241 1
386 278 1
241 148 1
257 215 1
432 27 1
439 315 1
443 21 1
365 285 1
372 58 1
269 5 1
335 180 1
456 260 1
440 269 1
427 68 1
352 51 1
233 232 1
314 307 1
390 150 1
346 331 1
340 171 1
396 125 1
244 75 1
466 396 1
461 342 1
353 315 1
441 287 1
421 80 1
451 262 1
383 358 1
376 199 1
484 93 1
486 345 1
462 390 1
471 93 1
487 185 1
496 64 1
398 20 1
476 28 1
475 349 1
470 164 1
418 299 1
452 402 1
491 392 1
404 195 1
488 86 1
428 181 1
267 84 1
423 266 1
502 162 1
437 83 1
468 168 1
455 83 1
467 258 1
304 189 1
344 34 1
486 465 1
450 125 1
290 22 1
512 386 1
498 323 1
326 201 1
384 108 1
497 342 1
501 313 1
526 437 1
472 9 1
409 97 1
453 180 1
356 106 1
528 67 1
503 302 1
264 150 1
406 354 1
393 344 1
427 370 1
533 151 1
459 208 1
520 325 1
539 470 1
300 232 1
295 166 1
548 455 1
483 198 1
491 373 1
523 183 1
551 197 1
552 354 1
554 106 1
157 33 1
446 426 1
321 36 1
555 128 1
559 420 1
516 369 1
556 168 1
562 131 1
408 145 1
561 266 1
521 280 1
338 238 1
538 473 1
538 451 1
373 192 1
533 500 1
404 288 1
327 86 1
513 460 1
541 532 1
585 30 1
384 308 1
578 96 1
558 480 1
584 255 1
534 370 1
598 97 1
467 134 1
592 419 1
456 420 1
603 461 1
243 196 1
589 525 1
575 251 1
605 144 1
553 77 1
525 449 1
571 115 1
378 148 1
563 95 1
494 26 1
579 332 1
557 244 1
332 136 1
211 14 1
531 115 1
610 448 1
431 398 1
460 442 1
534 242 1
580 494 1
468 454 1
595 180 1
424 120 1
298 211 1
572 236 1
626 414 1
515 514 1
637 503 1
639 210 1
542 10 1
596 225 1
479 340 1
573 271 1
547 476 1
390 192 1
600 145 1
609 146 1
643 243 1
278 176 1
623 567 1
633 597 1
587 508 1
606 576 1
396 303 1
650 314 1
510 197 1
543 245 1
530 477 1
590 43 1
576 244 1
506 376 1
649 641 1
652 614 1
586 245 1
626 82 1
658 177 1
658 536 1
326 241 1
518 148 1
621 575 1
644 568 1
261 197 1
646 447 1
630 620 1
547 72 1
673 408 1
683 649 1
686 5 1
414 294 1
664 64 1
426 211 1
670 97 1
594 504 1
620 383 1
576 198 1
707 300 1
333 227 1
611 489 1
700 22 1
699 650 1
651 444 1
656 589 1
512 474 1
529 358 1
708 544 1
634 337 1
611 0 1
674 585 1
693 447 1
617 333 1
701 607 1
570 132 1
694 189 1
460 272 1
636 549 1
681 449 1
704 685 1
605 565 1
628 508 1
558 442 1
705 490 1
720 2 1
653 623 1
719 94 1
671 288 1
655 431 1
337 280 1
512 381 1
712 694 1
647 59 1
671 659 1
471 274 1
418 342 1
678 642 1
753 298 1
698 241 1
759 137 1
703 504 1
763 601 1
762 335 1
743 119 1
746 546 1
684 597 1
567 230 1
663 408 1
760 624 1
740 347 1
775 504 1
722 25 1
785 352 1
751 190 1
770 14 1
754 382 1
581 212 1
716 55 1
564 402 1
634 511 1
577 399 1
654 278 1
796 783 1
724 683 1
802 327 1
657 243 1
790 270 1
772 97 1
756 127 1
636 393 1
752 123 1
799 285 1
592 287 1
709 34 1
673 404 1
710 139 1
806 311 1
767 476 1
742 500 1
477 358 1
696 544 1
540 170 1
737 244 1
761 120 1
730 209 1
614 607 1
813 677 1
714 120 1
602 510 1
806 773 1
793 178 1
566 109 1
784 114 1
503 499 1
582 535 1
821 136 1
560 359 1
783 82 1
812 689 1
666 515 1
651 610 1
798 19 1
818 667 1
618 482 1
779 706 1
805 659 1
680 73 1
711 40 1
706 428 1
832 204 1
817 348 1
814 803 1
777 679 1
692 448 1
780 287 1
676 607 1
738 397 1
778 479 1
734 667 1
749 464 1
368 254 1
433 408 1
791 250 1
758 713 1
824 682 1
804 535 1
842 593 1
831 551 1
853 356 1
426 139 1
846 205 1
854 222 1
860 348 1
850 148 1
835 251 1
810 201 1
857 365 1
851 653 1
786 531 1
633 320 1
689 108 1
878 746 1
871 853 1
782 754 1
847 682 1
872 535 1
879 760 1
875 750 1
849 808 1
819 530 1
859 429 1
885 690 1
848 750 1
768 445 1
679 170 1
607 564 1
732 452 1
522 432 1
808 42 1
890 668 1
858 197 1
893 750 1
580 432 1
866 721 1
795 717 1
841 725 1
692 415 1
768 215 1
877 230 1
894 562 1
876 809 1
882 778 1
907 669 1
811 632 1
904 255 1
641 399 1
764 405 1
807 282 1
898 529 1
873 568 1
742 602 1
682 616 1
721 628 1
830 315 1
678 674 1
920 778 1
827 169 1
882 315 1
833 780 1
837 669 1
926 813 1
727 515 1
928 245 1
883 36 1
684 175 1
881 630 1
925 52 1
750 581 1
764 299 1
880 839 1
794 150 1
392 123 1
631 444 1
939 554 1
864 624 1
444 356 1
929 685 1
942 251 1
797 628 1
776 490 1
917 405 1
938 755 1
834 656 1
934 818 1
677 613 1
946 695 1
888 764 1
942 914 1
670 665 1
934 856 1
945 666 1
930 728 1
811 452 1
929 916 1
755 262 1
959 481 1
954 689 1
841 511 1
977 332 1
983 262 1
910 890 1
947 743 1
963 631 1
948 38 1
766 80 1
962 601 1
943 359 1
862 705 1
857 802 1
927 594 1
993 423 1
987 971 1
809 100 1
911 230 1
863 409 1
1001 604 1
1000 690 1
949 619 1
1004 988 1
998 457 1
793 529 1
901 356 1
713 456 1
915 572 1
952 418 1
789 690 1
1015 880 1
1019 376 1
951 627 1
1014 977 1
814 653 1
970 287 1
1020 428 1
931 587 1
826 268 1
1035 581 1
1018 665 1
968 463 1
839 449 1
829 335 1
958 728 1
1024 346 1
989 583 1
1016 999 1
820 819 1
951 624 1
964 922 1
824 748 1
941 888 1
1049 948 1
874 811 1
742 691 1
1043 807 1
1045 661 1
1028 1002 1
1059 600 1
979 957 1
1064 464 1
922 622 1
1027 921 1
758 219 1
1065 566 1
953 542 1
988 545 1
1069 1014 1
997 905 1
515 464 1
1077 540 1
1063 974 1
1079 748 1
1072 932 1
1012 613 1
1009 473 1
869 809 1
976 971 1
975 405 1
787 420 1
1068 458 1
1095 110 1
989 608 1
1039 392 1
1008 803 1
905 568 1
1025 712 1
1087 917 1
1022 777 1
995 148 1
1104 1053 1
861 272 1
843 655 1
668 490 1
1013 782 1
834 628 1
960 411 1
1093 640 1
1092 168 1
1096 907 1
1067 972 1
1048 957 1
1119 878 1
1032 382 1
1027 997 1
974 852 1
1120 932 1
1057 176 1
1058 627 1
1073 839 1
1091 822 1
1103 461 1
1135 744 1
1107 444 1
1117 873 1
949 826 1
1047 282 1
922 325 1
1070 876 1
1056 991 1
1076 1067 1
1140 655 1
856 782 1
1101 383 1
1118 768 1
1138 394 1
996 530 1
1141 647 1
961 825 1
1146 738 1
1137 972 1
1062 306 1
1147 347 1
1154 732 1
1164 794 1
1162 661 1
931 753 1
1127 1054 1
1052 779 1
1136 535 1
1125 655 1
1037 421 1
1041 973 1
879 829 1
1165 531 1
1159 944 1
1055 227 1
1157 1131 1
1123 588 1
1109 1098 1
1155 207 1
1130 565 1
1182 1118 1
1184 1087 1
1168 747 1
1066 950 1
1089 1036 1
1174 215 1
1179 578 1
1112 1094 1
1195 698 1
1106 410 1
902 704 1
1207 1188 1
1002 875 1
845 141 1
1188 987 1
1190 889 1
1186 1017 1
1191 333 1
1113 406 1
1153 1131 1
1215 829 1
1214 1191 1
1221 1021 1
1226 899 1
1152 396 1
728 710 1
1194 661 1
1217 333 1
1232 816 1
1124 644 1
1212 976 1
1203 872 1
1036 546 1
1115 1112 1
981 954 1
1209 210 1
1234 592 1
1036 889 1
1161 420 1
1233 81 1
1111 1051 1
1173 228 1
1105 454 1
1224 957 1
873 131 1
1148 1139 1
1085 433 1
932 214 1
395 136 1
1229 549 1
1255 1173 1
1204 611 1
1180 1013 1
1196 775 1
1099 382 1
1133 959 1
1257 1109 1
1145 1098 1
1243 912 1
1268 504 1
953 776 1
1273 120 1
1269 535 1
1034 542 1
1274 1254 1
1264 807 1
1274 999 1
1183 932 1
1089 1066 1
1266 883 1
1178 855 1
1252 928 1
1060 260 1
1282 1046 1
1157 693 1
1150 405 1
1104 665 1
1263 1114 1
1228 1213 1
1289 1243 1
1023 654 1
1223 424 1
727 696 1
1148 165 1
965 432 1
1275 1033 1
1284 1224 1
1299 513 1
1112 824 1
1110 787 1
1210 406 1
1276 1126 1
1314 661 1
1291 453 1
1026 969 1
1246 1060 1
1280 1158 1
886 613 1
1199 678 1
1197 1174 1
1102 264 1
1023 798 1
1230 420 1
1126 723 1
1320 1008 1
1278 37 1
1323 1125 1
945 886 1
1177 927 1
1163 1126 1
1281 1145 1
1338 1331 1
1319 1044 1
1330 322 1
1242 852 1
1033 894 1
1213 1094 1
1285 869 1
1272 1083 1
1031 797 1
1339 278 1
1245 545 1
1029 661 1
1181 603 1
1262 1009 1
986 593 1
1327 946 1
1241 912 1
1128 1015 1
1181 0 1
1026 861 1
1331 1080 1
1086 397 1
1318 322 1
1358 196 1
1292 736 1
1327 389 1
1345 1325 1
1336 899 1
1333 1166 1
1350 916 1
1300 498 1
1198 1061 1
1367 951 1
1283 19 1
1355 950 1
1129 769 1
1374 790 1
1220 1096 1
1225 616 1
1354 1269 1
1017 775 1
1337 382 1
1338 1132 1
1325 846 1
1363 956 1
1359 1294 1
1373 1021 1
1379 1043 1
1381 1037 1
1323 1306 1
1385 313 1
1399 444 1
1272 1128 1
1334 962 1
1197 812 1
1166 991 1
1342 862 1
1301 1228 1
1403 1151 1
1114 862 1
1389 324 1
1270 587 1
1404 617 1
1405 957 1
1395 685 1
1397 447 1
1242 654 1
1418 1278 1
1408 1137 1
1413 1210 1
1016 212 1
1357 1295 1
1263 1028 1
968 820 1
1419 699 1
1364 1245 1
1257 1040 1
1352 1226 1
1298 619 1
1427 991 1
1411 1321 1
1206 1044 1
1420 874 1
1434 914 1
1429 1077 1
1417 1040 1
1251 360 1
1313 669 1
1208 996 1
1376 843 1
1219 688 1
1344 1305 1
1396 1080 1
1443 630 1
1341 1238 1
1441 914 1
1186 507 1
1333 1071 1
1445 1324 1
1436 1073 1
1442 748 1
1369 921 1
1365 406 1
1453 803 1
1444 974 1
1360 1256 1
1393 1156 1
1423 1147 1
1442 1282 1
1193 724 1
1438 298 1
1361 987 1
1460 1346 1
1357 909 1
1468 393 1
1321 1238 1
1070 909 1
1378 682 1
1386 1224 1
1392 1069 1
1445 1199 1
1439 1278 1
1414 1295 1
1482 1015 1
1484 1363 1
1377 1297 1
1201 1096 1
1152 1060 1
1301 1203 1
1483 174 1
1421 1156 1
1433 115 1
1500 1416 1
1428 1016 1
1347 826 1
1305 833 1
1502 671 1
1346 418 1
1375 388 1
1478 832 1
1353 702 1
1390 789 1
1499 681 1
1504 911 1
1447 616 1
1388 1163 1
1495 150 1
1423 1012 1
1491 1194 1
1511 1029 1
1471 453 1
1480 925 1
1352 1250 1
1496 1343 1
1240 222 1
1463 981 1
1512 1481 1
1227 1178 1
1198 482 1
1497 1428 1
1514 730 1
1519 1176 1
1452 1179 1
1523 499 1
1252 1245 1
1529 322 1
1454 1062 1
1444 1265 1
1477 1178 1
1516 1065 1
1406 433 1
1520 1292 1
1368 131 1
1520 1465 1
1498 619 1
1304 1172 1
1549 12 1
1456 693 1
1540 474 1
1544 1315 1
1566 944 1
1149 1104 1
1568 1200 1
1550 1544 1
1235 717 1
1320 1176 1
1562 965 1
1391 708 1
601 273 1
1506 1294 1
1293 1056 1
1457 1318 1
1407 145 1
1344 835 1
1192 1189 1
1577 1215 1
1587 410 1
1304 725 1
1517 543 1
1543 1409 1
1564 1304 1
1569 179 1
1570 1277 1
1606 145 1
1319 1009 1
1607 1469 1
1593 109 1
1585 1404 1
1603 1334 1
1372 1194 1
1573 1368 1
1554 1383 1
1448 246 1
1145 943 1
1437 1365 1
1277 123 1
961 263 1
1424 1317 1
1524 1285 1
1598 874 1
1541 1518 1
1571 1416 1
1526 1199 1
1302 1297 1
1621 1231 1
1637 1592 1
1617 212 1
1632 1255 1
1615 1469 1
1639 1498 1
1643 1371 1
1641 627 1
1619 1277 1
1513 777 1
1624 1554 1
1247 969 1
1635 38 1
1572 1424 1
1648 1544 1
1553 1533 1
1629 77 1
1601 1560 1
1183 1169 1
1504 1479 1
1653 1490 1
1642 1156 1
1534 1250 1
1459 1056 1
1657 584 1
1493 1111 1
1612 1546 1
1474 543 1
1582 1429 1
1250 1022 1
1670 1489 1
1561 1158 1
1679 775 1
1578 947 1
1294 1206 1
1473 1364 1
1668 1362 1
1583 841 1
1546 1490 1
1650 1234 1
1684 465 1
1613 1466 1
1396 1337 1
1651 480 1
1691 499 1
1452 1377 1
1665 769 1
1521 1293 1
1688 1251 1
1599 366 1
1685 1591 1
1677 1372 1
1640 1608 1
1559 822 1
1674 1463 1
1602 1450 1
1695 749 1
1633 399 1
1607 927 1
1575 1056 1
1472 1117 1
1696 1431 1
1636 627 1
1709 489 1
1462 1208 1
1707 1369 1
1659 1538 1
1676 1493 1
1716 964 1
1477 1382 1
1592 1582 1
1631 162 1
1690 1485 1
1647 1567 1
1715 1093 1
1718 837 1
1703 378 1
1706 276 1
1678 187 1
1734 1253 1
1713 1409 1
1580 474 1
1590 1172 1
1666 593 1
1496 1193 1
1579 1471 1
1708 1701 1
1674 1189 1
1749 1580 1
1750 1475 1
1747 1506 1
1673 1433 1
1752 433 1
1689 1590 1
1373 956 1
1210 837 1
1742 958 1
1522 1126 1
1698 1574 1
1768 1209 1
1767 1735 1
1596 1536 1
1757 1488 1
1317 1072 1
1739 1580 1
1740 1193 1
1743 1281 1
1663 1454 1
1772 1321 1
1675 1627 1
1727 1671 1
1776 1068 1
1715 1489 1
1690 1108 1
1786 1708 1
1789 1558 1
1547 1220 1
1798 1312 1
1519 1108 1
1785 1115 1
1558 1388 1
1736 1720 1
1698 1668 1
1758 1142 1
1781 1377 1
1601 1086 1
1602 1561 1
1560 1173 1
1808 666 1
1815 1185 1
1773 1594 1
1807 950 1
1769 1459 1
1784 1562 1
1701 1362 1
1737 1647 1
1628 419 1
1818 940 1
1804 33 1
1728 1227 1
1794 973 1
1787 1493 1
1813 1608 1
1778 110 1
1821 1538 1
1782 1525 1
1669 268 1
1751 172 1
1567 1512 1
1720 1681 1
1844 1382 1
1847 1093 1
1659 1176 1
1810 1293 1
1841 297 1
1849 1192 1
1591 1556 1
1736 1481 1
1705 1449 1
1832 1689 1
1572 1565 1
1709 1537 1
1702 1192 1
1859 1853 1
1862 1557 1
1766 303 1
1718 1563 1
1801 1707 1
1865 1598 1
1746 1059 1
1448 447 1
1689 1645 1
1837 1577 1
1826 1047 1
1783 1255 1
1872 767 1
1698 1366 1
1586 1359 1
1863 1537 1
1840 1464 1
1774 1247 1
1724 1272 1
1792 1773 1
1895 1405 1
1852 1092 1
1793 1366 1
1890 1634 1
1867 969 1
1775 1758 1
1744 1213 1
1463 1076 1
1840 1770 1
1883 1511 1
1643 1535 1
1878 1702 1
1791 1362 1
1631 650 1
1876 402 1
1797 1750 1
1858 1251 1
1892 1645 1
1897 1420 1
1772 1465 1
1823 1402 1
1915 1731 1
1811 1626 1
1908 1221 1
1775 1615 1
1905 1630 1
1853 499 1
1929 1563 1
1900 1129 1
1887 1786 1
1886 1855 1
1943 1302 1
1935 1688 1
1656 940 1
1947 969 1
1798 1609 1
1645 1476 1
1960 1427 1
1965 1553 1
1931 1823 1
1868 1837 1
1967 1158 1
1893 1284 1
1959 1888 1
1970 1054 1
1613 1533 1
1875 1054 1
1976 1451 1
1896 424 1
1861 725 1
1991 1390 1
1904 1009 1
1889 1247 1
1992 1958 1
1866 1820 1
1880 1312 1
1754 1317 1
1594 1485 1
1851 1129 1
1865 1516 1
2004 1839 1
1779 1379 1
2007 1850 1
1994 1843 1
1953 1596 1
1825 1221 1
1998 1525 1
1886 1822 1
1928 1820 1
1906 1642 1
1982 1459 1
1956 1040 1
1854 1659 1
1936 1852 1
1994 1863 1
1660 1461 1
2021 1763 1
1988 1369 1
2020 1192 1
1969 1878 1
1898 1132 1
1937 1733 1
2025 1871 1
2016 1862 1
1938 1429 1
1984 1492 1
1850 1727 1
1961 969 1
2006 1843 1
2018 1918 1
1282 1041 1
1873 1522 1
1848 1357 1
1934 789 1
1935 1924 1
1411 1084 1
1951 669 1
1813 1450 1
1940 1062 1
1986 1731 1
2008 1565 1
2029 1343 1
1814 1594 1
2038 1371 1
2024 1801 1
1990 1748 1
1914 701 1
1944 1282 1
1870 1201 1
2037 869 1
1909 1705 1
1826 1745 1
2060 1159 1
2026 1956 1
2027 1713 1
1999 1740 1
1990 1950 1
1919 1706 1
1978 939 1
2039 1352 1
1576 973 1
2004 1471 1
2080 1713 1
1839 1737 1
1650 235 1
2081 920 1
2047 2008 1
2087 1395 1
2074 1602 1
2089 1957 1
1888 972 1
1910 1109 1
2069 1928 1
2078 1714 1
1797 1322 1
2052 1247 1
2106 1108 1
2075 1953 1
2057 1521 1
2014 1784 1
2111 1768 1
1963 1881 1
2023 1475 1
1950 1475 1
2115 1873 1
2076 1579 1
2086 2052 1
2013 1230 1
2071 579 1
2058 1685 1
2113 1476 1
2116 1117 1
2085 1964 1
2075 2003 1
1928 1805 1
2083 506 1
1986 1627 1
1996 1461 1
2094 1940 1
1955 1450 1
2127 570 1
2147 702 1
1829 1512 1
2148 402 1
2099 1033 1
2125 108 1
2042 1382 1
2145 1372 1
2153 1820 1
2054 1283 1
2134 2008 1
2164 181 1
2132 1692 1
2015 1944 1
2172 879 1
2064 216 1
2137 2069 1
2070 2044 1
2099 1957 1
2149 1682 1
2178 1568 1
2155 2142 1
2091 150 1
2149 1735 1
2142 2014 1
2129 2075 1
2179 1138 1
2124 886 1
2176 1807 1
2180 1987 1
2150 2137 1
2185 1813 1
2107 1637 1
2196 797 1
2033 1714 1
2197 1473 1
2144 1985 1
2209 73 1
1819 1541 1
1964 973 1
2213 41 1
2212 1731 1
2166 1511 1
1705 1390 1
2222 1958 1
2224 1829 1
2151 1734 1
2005 1476 1
2182 1374 1
2226 1931 1
2217 2188 1
2161 1748 1
2036 569 1
2043 1728 1
2092 1113 1
2017 1156 1
2105 1313 1
1949 1132 1
1989 1518 1
1941 1144 1
2237 1918 1
2100 1868 1
2239 2155 1
1822 1816 1
2117 1707 1
2162 1882 1
2242 2063 1
1882 1792 1
2177 1822 1
2156 2108 1
2215 603 1
2229 1866 1
2234 1899 1
2123 1675 1
2163 2060 1
2065 981 1
2173 1458 1
2171 2136 1
2130 1937 1
2228 2226 1
2174 1419 1
2261 1651 1
2221 1389 1
2223 1061 1
2245 464 1
2199 1855 1
2121 1972 1
2204 2129 1
2003 1963 1
1912 711 1
2218 1653 1
2198 902 1
2101 1270 1
2267 1095 1
2238 784 1
2243 2114 1
2005 1986 1
2188 753 1
2160 1899 1
2257 1591 1
2263 2257 1
2050 1673 1
2287 2110 1
2194 1984 1
2140 1666 1
2157 1033 1
2232 2073 1
2246 2145 1
2175 1939 1
2307 2256 1
2308 1264 1
2258 1456 1
2231 1980 1
2227 1938 1
2171 2054 1
2316 1478 1
2216 1909 1
2252 2156 1
1821 1748 1
2044 1461 1
2067 1304 1
2211 2159 1
2314 2282 1
2141 1990 1
2333 1628 1
2330 1937 1
2262 1829 1
2324 1987 1
2031 1743 1
2230 590 1
2312 2117 1
2328 1876 1
2167 1985 1
2278 1725 1
2314 2092 1
2268 1361 1
2158 2076 1
2310 1854 1
2019 1941 1
2352 1882 1
2336 2230 1
2348 2328 1
2227 2063 1
2354 2007 1
2300 2043 1
2321 789 1
2363 1908 1
2011 973 1
1932 1754 1
2340 1336 1
2285 2259 1
2266 2089 1
2244 1893 1
2361 1397 1
2346 2278 1
2370 2279 1
2187 2123 1
2301 2181 1
2264 1428 1
2320 2161 1
1924 1887 1
2353 1792 1
2381 2130 1
2353 2291 1
2366 2269 1
2337 1765 1
1626 1591 1
2394 2167 1
2367 1978 1
2284 1529 1
2183 2160 1
2397 2024 1
2377 1355 1
2371 1487 1
2280 1223 1
2376 2154 1
2303 1869 1
2249 2018 1
2387 218 1
2315 2103 1
2396 931 1
2060 1763 1
2244 1458 1
2071 1958 1
2403 1448 1
2331 2033 1
2405 2311 1
2372 2269 1
2380 257 1
2399 1430 1
2404 2200 1
2159 1588 1
2275 1984 1
2210 1640 1
2412 2280 1
2364 2093 1
2338 2211 1
2407 1533 1
2378 1793 1
2410 2346 1
2335 1386 1
2406 2393 1
1843 1525 1
2421 2363 1
2416 1996 1
2422 2393 1
2417 925 1
1977 1240 1
2286 1489 1
2318 2278 1
1918 1490 1
2186 1830 1
2404 2395 1
2386 2246 1
1974 1757 1
2390 1948 1
2427 1922 1
2103 2021 1
2440 2180 1
2156 1735 1
2429 2315 1
2426 1915 1
2442 1621 1
2456 1899 1
2317 2188 1
2457 2455 1
2454 2324 1
2457 930 1
2438 2064 1
2366 2211 1
2465 1635 1
2458 2341 1
2371 2358 1
2444 2309 1
2436 1883 1
2471 2320 1
2447 1774 1
2002 1870 1
2435 2409 1
2446 2070 1
2458 583 1
2154 1816 1
2290 744 1
2425 1328 1
2332 1263 1
2495 1776 1
2469 2058 1
2466 1206 1
2470 2031 1
2468 2422 1
2313 1458 1
2499 2296 1
2500 2220 1
2501 2039 1
2402 2317 1
2497 1626 1
2192 2123 1
2189 1206 1
2421 2381 1
2507 1881 1
2323 1566 1
2365 1972 1
2450 2290 1
2355 1671 1
2180 1891 1
2506 2163 1
2474 2394 1
2527 2367 1
2513 1850 1
1930 1734 1
2486 2177 1
2389 2109 1
2474 1456 1
2132 2114 1
2538 2453 1
2552 2372 1
2528 1669 1
2243 2203 1
2275 2243 1
2555 2301 1
2536 1735 1
2541 1776 1
2516 2481 1
2519 1461 1
2524 2323 1
2561 2553 1
2566 2368 1
2477 2375 1
2558 2520 1
2498 2354 1
2473 2029 1
2560 2551 1
2453 1889 1
2579 2410 1
2485 2459 1
2561 1322 1
2487 2070 1
2484 2139 1
2540 2210 1
2587 2577 1
2516 2335 1
2590 23 1
2522 2309 1
2390 1528 1
2463 1796 1
2591 1228 1
2574 1744 1
2395 2355 1
2461 2178 1
2605 2603 1
2606 2100 1
2526 1384 1
2592 2554 1
2483 2070 1
2508 2318 1
2549 2532 1
2582 2454 1
2521 979 1
2530 1720 1
2605 357 1
2578 1627 1
2622 1212 1
2612 2429 1
2479 1987 1
2435 2155 1
2627 1127 1
2607 1672 1
2557 988 1
2365 2355 1
2589 1551 1
2594 1626 1
2439 1447 1
2596 1235 1
2459 1882 1
2611 921 1
2652 1757 1
2517 2499 1
2504 1343 1
2523 2445 1
2648 1188 1
2624 1444 1
2496 2448 1
2663 2568 1
2658 2194 1
2118 1891 1
2655 2439 1
2656 2103 1
2669 2643 1
2647 2335 1
2570 1883 1
2679 2445 1
2550 2439 1
2650 2228 1
2678 2444 1
2638 715 1
2651 2452 1
2684 1656 1
2673 1943 1
2576 1241 1
2552 955 1
2641 2522 1
2689 2082 1
2690 2440 1
2604 1974 1
2700 2644 1
2654 1114 1
2592 958 1
2677 2604 1
2702 2234 1
2706 2077 1
2700 2667 1
2400 2100 1
2713 2315 1
2710 1856 1
2715 1857 1
2445 2398 1
2716 1948 1
2703 2461 1
2701 2384 1
2682 2406 1
2718 2159 1
2724 2485 1
2725 2512 1
2577 2445 1
2720 2640 1
2384 2369 1
2587 2151 1
2708 2548 1
2665 2252 1
2612 2601 1
2739 2287 1
2704 2056 1
2621 2452 1
2615 1626 1
2525 1054 1
2697 2517 1
2744 2728 1
2697 2660 1
2690 2651 1
2733 2525 1
2652 1622 1
2693 1922 1
2749 2529 1
2707 1730 1
2682 2674 1
2756 2427 1
2698 2503 1
2496 1767 1
2757 1942 1
2777 2645 1
2778 2362 1
2777 2728 1
2788 979 1
2756 2019 1
2776 2212 1
2743 1035 1
2755 2478 1
2792 1192 1
2477 1489 1
2391 1459 1
2748 2555 1
2785 1938 1
2811 2711 1
2749 2468 1
2803 1722 1
2420 1749 1
2691 1810 1
2810 2494 1
2696 1383 1
2819 2185 1
2801 2695 1
2823 2822 1
2794 2725 1
2821 2660 1
2829 1164 1
2626 2003 1
2793 2582 1
2821 2811 1
2843 2615 1
2597 2445 1
2831 2461 1
2796 1068 1
2847 2165 1
2761 1291 1
2640 2482 1
2833 2641 1
2560 2024 1
2844 2286 1
2790 1054 1
2854 2118 1
2816 2745 1
2827 2528 1
2832 1188 1
2602 2448 1
2837 2125 1
2862 2770 1
2833 2643 1
2846 2628 1
2870 2812 1
2711 2597 1
2686 2420 1
2748 2708 1
2851 2546 1
2875 2023 1
2754 2746 1
2841 2793 1
2620 1663 1
2856 2447 1
2787 2620 1
2859 2249 1
2883 830 1
2830 2823 1
2882 2773 1
2884 2702 1
2889 2802 1
2886 1354 1
2869 2799 1
2873 2576 1
2890 2326 1
2878 2871 1
2799 2621 1
2843 2798 1
2850 1627 1
2868 2513 1
2889 2737 1
2896 2536 1
2836 2479 1
2891 2872 1
2309 1899 1
2898 2746 1
2874 1055 1
2916 2187 1
2795 2471 1
2917 2313 1
2899 2013 1
2855 2136 1
2869 2852 1
2920 2903 1
2803 2780 1
2583 2462 1
2878 2737 1
2935 2830 1
2819 2735 1
2944 2016 1
2732 2597 1
2927 2926 1
2931 2794 1
2914 2913 1
2897 2810 1
2947 1496 1
2957 2653 1
2930 2451 1
2950 609 1
2932 1818 1
2980 817 1
2918 2895 1
2953 2897 1
2984 1884 1
2970 2851 1
2848 2642 1
2736 2551 1
2914 2538 1
2988 2524 1
2778 2225 1
2982 2816 1
2990 2244 1
2938 2645 1
3005 2737 1
3000 47 1
2993 1002 1
2986 2890 1
2901 2645 1
2784 2601 1
2955 2616 1
3013 2754 1
3008 2766 1
2966 2462 1
3018 2753 1
2661 2452 1
2907 2852 1
2948 2800 1
3023 2739 1
2954 2911 1
2981 2745 1
2939 2856 1
2921 1590 1
3024 1437 1
3027 2500 1
3032 2779 1
2977 658 1
3011 2774 1
2918 2344 1
3037 2601 1
3046 2911 1
3039 1655 1
3049 2776 1
3043 2625 1
3042 2779 1
3047 2714 1
3028 1976 1
3052 2904 1
2820 1669 1
3006 1758 1
3068 2817 1
3071 1551 1
3055 2907 1
3048 2752 1
2568 2108 1
3082 3023 1
3085 2400 1
3014 2817 1
3086 2707 1
3084 2885 1
3088 1810 1
3052 2817 1
3025 1553 1
3041 2661 1
3090 3051 1
3096 2935 1
2827 1188 1
3100 3014 1
3098 3081 1
3094 1189 1
2852 2331 1
3092 1512 1
3072 2324 1
3100 2987 1
3115 2483 1
3056 129 1
3116 2701 1
2766 2735 1
3084 3007 1
3119 2845 1
3117 2931 1
3029 2927 1
3098 3064 1
2744 2303 1
3110 2956 1
3099 2978 1
3136 3132 1
2975 2816 1
3048 3047 1
3087 2908 1
3106 2266 1
3056 2954 1
2802 2583 1
2888 2784 1
3143 3046 1
3103 1496 1
3031 3022 1
3144 1765 1
3148 997 1
2986 2018 1
3147 2953 1
3141 2784 1
3156 3128 1
3168 2495 1
3110 3040 1
3137 2204 1
3170 4 1
3150 2981 1
3153 2784 1
3171 3081 1
3178 1035 1
3097 3061 1
3075 1033 1
3123 3064 1
3163 3090 1
3175 3011 1
3026 3004 1
3174 3051 1
3180 2660 1
3179 3004 1
3197 3027 1
3191 2943 1
3201 1802 1
3207 2896 1
3189 3182 1
3151 3139 1
3186 3076 1
3173 3105 1
3134 3010 1
3139 2888 1
3213 3081 1
3182 2996 1
3221 2619 1
3210 3055 1
3227 2986 1
3042 2812 1
3224 2957 1
3086 3076 1
3228 3220 1
3237 3095 1
3230 3189 1
3211 3099 1
2978 2627 1
3239 2481 1
3235 2741 1
3167 2970 1
3173 3132 1
3240 2898 1
3246 565 1
3174 2766 1
2981 2093 1
2866 2822 1
3241 1312 1
3254 3105 1
3255 3224 1
3255 3155 1
3240 2866 1
3256 2888 1
3236 3213 1
3204 2409 1
3216 3105 1
3049 3033 1
3250 2892 1
3258 3157 1
3162 3102 1
3228 3191 1
3104 3031 1
3115 3106 1
3270 3265 1
3069 2886 1
3135 2150 1
2948 2087 1
3265 3163 1
3291 3282 1
3244 2903 1
3297 3022 1
3300 3082 1
3272 2322 1
3290 2880 1
3277 3266 1
3252 3171 1
3276 3230 1
3305 3147 1
3248 2911 1
3294 3172 1
3311 2118 1
3317 3130 1
3309 2914 1
3209 3104 1
3274 3266 1
3251 3144 1
3112 2263 1
3274 3010 1
3316 3097 1
3327 3294 1
3307 1955 1
3320 3302 1
3347 2875 1
3292 1964 1
3097 1456 1
3289 2901 1
3283 2710 1
3216 3169 1
3354 3244 1
3342 3016 1
3350 3268 1
3282 3177 1
3356 2005 1
3365 3363 1
3300 1035 1
3360 3210 1
3361 3226 1
3373 3259 1
3348 2526 1
3277 3263 1
3384 3144 1
3308 2751 1
3388 3129 1
3377 2920 1
3372 3276 1
3362 2868 1
3390 3308 1
3393 3263 1
3355 3315 1
3380 3270 1
3405 3327 1
3396 3317 1
3385 3268 1
3409 3386 1
3400 1861 1
3412 3141 1
3322 3285 1
3425 2530 1
3370 2713 1
3415 3372 1
3285 1712 1
3351 3239 1
3396 3343 1
3414 3258 1
3311 3104 1
3435 3339 1
3435 3424 1
3431 3399 1
3399 2023 1
3329 2871 1
3405 3380 1
3450 3123 1
3422 3231 1
3440 3426 1
3456 3013 1
3446 3422 1
3420 2724 1
3464 3298 1
3468 3326 1
3407 2118 1
3474 3187 1
3481 3350 1
3457 3455 1
3477 3337 1
3461 1101 1
3410 3289 1
3463 3369 1
3487 3439 1
3485 3408 1
3386 2982 1
3483 3440 1
3496 3484 1
3481 3302 1
3331 3008 1
3484 2203 1
3507 2661 1
3464 2932 1
3387 3225 1
3506 3133 1
3473 3469 1
3476 2197 1
3524 3361 1
3498 2996 1
3491 3320 1
3511 3365 1
3529 2466 1
3534 3385 1
3527 2440 1
3404 3302 1
3492 3491 1
3510 3485 1
3533 456 1
3522 3382 1
3536 3130 1
3542 3302 1
3523 3130 1
3549 3448 1
3471 3325 1
3522 2636 1
3559 3303 1
3535 3530 1
3521 2276 1
3550 3498 1
3555 3135 1
3556 3544 1
3433 3342 1
3551 3546 1
3508 3373 1
3573 3547 1
3497 2482 1
3554 2327 1
3585 3530 1
3571 38 1
3586 3560 1
3574 3415 1
3556 3549 1
3279 2549 1
3530 2512 1
3592 3325 1
3544 3331 1
3602 3474 1
3439 2779 1
3574 3130 1
3528 3382 1
3492 2866 1
3595 2436 1
3469 3430 1
3594 3535 1
3604 3550 1
3609 3434 1
3617 3528 1
3573 1968 1
3623 3459 1
3589 3142 1
3578 3249 1
3629 3551 1
3612 1036 1
3633 2692 1
3631 2391 1
3636 3586 1
3470 3434 1
3584 2476 1
3627 3512 1
3635 2509 1
3648 2882 1
3575 3095 1
3650 1769 1
3319 1573 1
3656 3655 1
3655 3617 1
3646 3385 1
3670 3649 1
3657 3628 1
3671 3582 1
3667 3362 1
3645 2532 1
3678 3239 1
3435 3230 1
3671 3651 1
3676 3637 1
3697 3591 1
3694 3680 1
3703 3644 1
3696 2420 1
3675 3655 1
3706 2151 1
3685 3317 1
3679 3132 1
3708 2622 1
3717 1533 1
3649 3634 1
3728 3477 1
3726 3644 1
3723 1499 1
3664 2999 1
3724 3291 1
3740 3132 1
3748 2829 1
3739 3304 1
3724 1358 1
3702 3428 1
3753 2448 1
3760 3711 1
3767 3434 1
3751 3688 1
3736 3456 1
3779 3770 1
3735 3598 1
3746 3479 1
3786 3583 1
3789 3703 1
3768 3722 1
3801 3767 1
3805 3760 1
3796 3735 1
3806 2476 1
3811 3802 1
3818 3131 1
3826 3747 1
3819 3772 1
3785 3670 1
3814 3752 1
3808 3779 1
3829 1981 1
3820 3811 1
3792 3789 1
3801 3800 1
3843 3751 1
3813 3722 1
3828 3800 1
3859 3805 1
3780 3595 1
3841 3301 1
3782 3479 1
3793 3702 1
3865 3786 1
3866 3861 1
3864 2000 1
3845 3766 1
3873 3856 1
3873 3849 1
3871 3037 1
3849 3848 1
3851 781 1
3890 3856 1
3879 3851 1
3894 3853 1
3722 2071 1
3903 1619 1
3868 1549 1
3816 2982 1
3894 3868 1
3911 3838 1
3915 3479 1
3869 2695 1
3921 3913 1
3925 3771 1
3926 3913 1
3927 3697 1
3922 2321 1
3926 3813 1
3924 3890 1
3935 3869 1
3848 3782 1
3872 3604 1
3933 2266 1
3947 2746 1
3945 3927 1
3950 3912 1
3949 3945 1
3956 3635 1
3960 3922 1
3968 3885 1
3973 3972 1
3965 3848 1
3970 3726 1
3968 3964 1
3974 3633 1
3977 3960 1
3979 3515 1
3985 3892 1
3940 3819 1
3994 3794 1
3996 696 1
3999 3982 1
3972 2674 1
4001 3990 1
3989 2476 1
4010 4001 1
4015 3993 1
4007 3816 1
4021 3852 1
4004 2846 1
4019 3997 1
3986 3972 1
4025 3986 1
4036 3150 1
4038 4025 1
4039 3924 1
4030 4021 1
4050 3941 1
4054 3739 1
4059 2893 1
4013 2789 1
4060 3495 1
4066 1597 1
4074 3022 1
4081 4068 1
4027 4015 1
4083 4039 1
4079 1597 1
4092 3236 1
4083 3979 1
4077 2888 1
4105 707 1
4094 3884 1
4095 3910 1
4110 837 1
4081 3702 1
4087 3725 1
4121 4055 1
4125 4106 1
4096 3491 1
4117 2605 1
4113 3586 1
4071 4068 1
4135 3976 1
4142 3524 1
4147 3994 1
4150 2206 1
4133 4111 1
4154 3025 1
4168 2668 1
4182 4111 1
4182 4177 1
4175 4092 1
4197 3611 1
4208 4183 1
4209 4168 1
4203 3926 1
4212 4126 1
4215 2584 1
4220 4045 1
4224 4207 1
4226 4224 1
4232 3952 1
143 114 2
73 25 2
119 6 2
188 127 2
316 74 2
263 4 2
231 45 2
169 111 2
172 128 2
270 144 2
269 124 2
385 63 2
366 50 2
403 103 2
200 189 2
205 68 2
261 52 2
526 417 2
215 197 2
295 156 2
306 204 2
331 54 2
370 63 2
379 85 2
466 281 2
267 199 2
498 14 2
268 109 2
167 22 2
518 120 2
271 152 2
373 150 2
312 36 2
347 96 2
480 460 2
767 121 2
407 155 2
701 652 2
414 181 2
294 157 2
489 2 2
761 329 2
609 427 2
558 272 2
478 298 2
362 62 2
414 62 2
244 101 2
569 390 2
657 208 2
381 264 2
740 343 2
290 93 2
309 125 2
810 241 2
784 752 2
692 651 2
683 425 2
570 454 2
833 441 2
945 514 2
858 182 2
859 25 2
239 226 2
825 425 2
736 452 2
548 540 2
984 943 2
441 419 2
410 187 2
963 448 2
455 170 2
491 129 2
536 479 2
954 37 2
731 602 2
636 198 2
940 532 2
416 373 2
1004 816 2
454 93 2
537 319 2
1097 312 2
684 110 2
1137 1076 2
599 21 2
327 285 2
597 206 2
871 21 2
619 268 2
1022 422 2
723 276 2
723 271 2
830 479 2
699 392 2
915 623 2
494 276 2
794 416 2
1214 617 2
747 470 2
573 566 2
587 298 2
737 549 2
747 62 2
770 279 2
542 428 2
522 306 2
799 349 2
603 299 2
732 652 2
949 289 2
939 631 2
691 510 2
714 329 2
889 746 2
1027 568 2
731 445 2
1204 8 2
930 478 2
1020 834 2
691 138 2
602 92 2
985 930 2
1370 17 2
644 232 2
1034 776 2
1032 782 2
941 342 2
1197 35 2
1241 842 2
1398 917 2
1413 1113 2
1385 121 2
1300 379 2
1072 222 2
1062 965 2
1230 713 2
1180 1099 2
751 246 2
1025 292 2
707 568 2
1164 1057 2
1057 381 2
1415 739 2
910 776 2
737 642 2
1001 13 2
959 766 2
1060 713 2
1208 820 2
1186 504 2
1344 970 2
1325 422 2
1128 681 2
864 335 2
910 414 2
1070 194 2
975 490 2
1052 681 2
1246 758 2
1168 1052 2
1583 1172 2
1584 447 2
1001 508 2
1014 751 2
1414 909 2
1500 1110 2
1716 1222 2
1229 1199 2
1711 1691 2
926 514 2
1441 780 2
1342 299 2
849 665 2
1570 114 2
1407 1348 2
1020 1001 2
1502 58 2
742 516 2
1052 975 2
1493 1165 2
1636 624 2
868 791 2
945 677 2
1103 875 2
1002 941 2
1678 1587 2
1678 203 2
706 656 2
1204 342 2
1274 159 2
1479 814 2
1315 1053 2
1086 949 2
1114 941 2
1340 805 2
1438 866 2
1799 466 2
1579 1291 2
1460 1168 2
1619 487 2
1439 384 2
1023 852 2
1692 1661 2
993 483 2
1530 1381 2
1259 56 2
1451 541 2
1346 1052 2
1596 1150 2
1353 974 2
1578 1099 2
1838 329 2
1133 881 2
1651 513 2
1573 233 2
559 505 2
1146 361 2
1549 330 2
1139 827 2
1542 1347 2
1392 395 2
668 539 2
926 544 2
1183 543 2
1342 668 2
1472 921 2
827 98 2
1024 827 2
1674 1256 2
1299 1026 2
1340 600 2
1480 1273 2
859 516 2
1031 589 2
1631 1560 2
1233 759 2
1345 1022 2
1169 978 2
1720 1574 2
1183 560 2
1364 1240 2
1599 190 2
1514 1498 2
1118 361 2
1324 1219 2
588 380 2
862 764 2
1904 1747 2
1575 1521 2
1563 1210 2
1524 1414 2
1146 1123 2
1785 682 2
742 27 2
1473 1120 2
683 11 2
1257 359 2
1785 1225 2
1766 1152 2
2012 1531 2
1766 1246 2
1870 1547 2
1487 1110 2
1245 560 2
1902 885 2
1852 1297 2
1815 377 2
1514 380 2
1067 954 2
1919 805 2
1967 1450 2
1462 968 2
1254 1091 2
1091 999 2
1529 1424 2
2115 1388 2
1514 1123 2
1961 1889 2
1534 799 2
2153 2069 2
1137 981 2
1765 739 2
1765 463 2
1487 334 2
1844 1728 2
1969 1256 2
1470 405 2
2213 783 2
1263 299 2
2054 1540 2
1146 619 2
1571 1161 2
1560 1347 2
1731 1675 2
1457 1417 2
1754 1473 2
1783 1298 2
1945 1044 2
2221 318 2
2270 497 2
2094 580 2
2116 894 2
2056 1981 2
2094 522 2
1936 1452 2
2073 1102 2
2283 1019 2
2026 1910 2
1793 1362 2
2015 748 2
1929 1406 2
1578 774 2
1099 585 2
1790 1266 2
1859 1711 2
1765 667 2
2263 1685 2
1784 722 2
2273 842 2
2089 562 2
1535 1047 2
2076 1839 2
1905 1479 2
2308 255 2
1888 1357 2
1306 1177 2
1487 1416 2
1497 875 2
1848 812 2
2157 2116 2
2136 1540 2
2162 1814 2
2140 1588 2
1921 1046 2
2164 783 2
2105 1113 2
1953 1881 2
2022 1689 2
2067 1476 2
1748 1322 2
2171 1753 2
2336 788 2
1745 1275 2
2168 1815 2
2056 789 2
2288 2267 2
1964 1842 2
1331 782 2
1924 949 2
1034 975 2
2458 2340 2
2174 1924 2
2386 2342 2
2311 92 2
2242 2107 2
2252 1767 2
2031 978 2
2387 1439 2
2085 1282 2
1873 1746 2
2233 1131 2
1746 1680 2
2085 1213 2
1964 1046 2
2136 1580 2
2165 1547 2
2321 1449 2
2249 1490 2
2262 1647 2
2424 1061 2
2394 2258 2
1103 1091 2
2174 1347 2
1934 1449 2
599 311 2
2503 496 2
1848 972 2
1931 1848 2
1537 683 2
2608 1613 2
1964 1228 2
2417 869 2
1811 1350 2
1696 1680 2
1302 926 2
2332 2264 2
2573 1254 2
2361 246 2
2463 1724 2
2685 1497 2
2119 1737 2
2694 2663 2
2456 2097 2
2376 1886 2
2616 2077 2
2056 1902 2
2527 554 2
2226 1295 2
2226 972 2
2095 1206 2
1863 724 2
2199 2154 2
2611 2312 2
2202 1159 2
2450 64 2
1241 1217 2
2454 2118 2
2073 1853 2
2365 1727 2
2343 2022 2
2037 1403 2
2654 888 2
2595 2284 2
2679 2587 2
2231 1887 2
1730 1032 2
2228 1137 2
2637 2247 2
2179 1954 2
2650 972 2
2036 1697 2
2443 1021 2
2402 426 2
2203 2194 2
1349 356 2
2642 1842 2
2095 1945 2
2219 2151 2
1856 224 2
1055 986 2
2409 2239 2
2548 2097 2
2398 2219 2
2219 1044 2
2684 795 2
2684 532 2
2829 487 2
2626 2217 2
1711 1192 2
2796 638 2
2209 2014 2
2551 2397 2
2358 1517 2
2524 944 2
2041 1668 2
2166 1921 2
2348 1520 2
2448 2108 2
1904 1148 2
1923 551 2
1132 734 2
2695 1531 2
2482 1295 2
2755 2216 2
1972 1850 2
2163 2103 2
2922 1496 2
2683 1481 2
2691 2391 2
2787 2143 2
2950 355 2
2557 1977 2
2837 1931 2
2696 2114 2
2599 429 2
2693 1941 2
2871 2802 2
2780 1648 2
2873 2831 2
2370 1484 2
2665 870 2
2309 2097 2
2620 1940 2
2620 2014 2
2620 722 2
2692 1868 2
1696 1558 2
1897 1770 2
2602 2156 2
2282 1425 2
2282 1508 2
2184 1760 2
1800 1726 2
2666 1382 2
2879 2400 2
2998 217 2
2470 2050 2
2846 2187 2
2785 1468 2
2956 1127 2
1881 1073 2
2827 1542 2
2673 1974 2
2797 2736 2
2993 848 2
2993 2743 2
2848 804 2
2916 2525 2
2182 1743 2
2355 990 2
2396 1963 2
3028 2596 2
2599 2401 2
2966 2433 2
2874 2269 2
2848 2139 2
2917 2173 2
3161 2002 2
2526 2269 2
3026 826 2
3026 1542 2
2378 2241 2
2641 2548 2
3152 1624 2
3193 3039 2
2369 582 2
2864 2413 2
2851 1426 2
3119 1623 2
2475 2006 2
2985 2560 2
2820 1783 2
2077 1715 2
3119 1465 2
2709 1095 2
2551 1745 2
2615 1685 2
2857 2581 2
2833 2708 2
2669 2555 2
2715 1384 2
2868 2256 2
2616 2286 2
3170 457 2
2683 2316 2
3004 2528 2
2686 2171 2
2621 2293 2
2409 2076 2
2859 2565 2
2300 2050 2
3161 1220 2
3002 2823 2
3170 2215 2
3278 1628 2
2623 2256 2
2307 767 2
2623 2121 2
3103 2917 2
2983 1693 2
2895 1545 2
2520 2404 2
2869 2661 2
3028 2755 2
3236 3098 2
3073 2490 2
3234 2745 2
3006 1268 2
2025 1495 2
2818 1905 2
2591 2381 2
3306 2735 2
3226 2920 2
2515 2209 2
2370 1094 2
3183 1426 2
3167 962 2
2706 2259 2
3336 2379 2
3086 765 2
2733 2627 2
2666 1474 2
2623 2498 2
2834 1680 2
2989 2542 2
3338 1531 2
3094 503 2
3021 2766 2
2644 2390 2
2694 2156 2
3009 2331 2
2969 2698 2
3179 2951 2
3323 2435 2
3169 2140 2
3032 2895 2
3127 2200 2
2135 822 2
523 31 2
2409 2280 2
2984 122 2
3056 1871 2
3367 3136 2
3085 2562 2
3076 2337 2
3214 2371 2
3202 2103 2
744 469 2
2593 2111 2
3094 1691 2
3340 1000 2
2702 2678 2
3318 3203 2
2572 2317 2
3038 1504 2
3488 2538 2
3248 1039 2
3220 688 2
3538 2246 2
3461 2437 2
3099 1127 2
3269 1785 2
3187 2645 2
3406 2706 2
3447 1999 2
3322 2052 2
3406 1543 2
2780 1692 2
3248 2125 2
3143 1860 2
3315 2133 2
3344 2411 2
3344 3204 2
3030 2213 2
3503 2800 2
3307 2015 2
3249 2989 2
3420 3205 2
3420 2291 2
3499 919 2
3112 2798 2
2979 1412 2
2613 757 2
3370 3353 2
3260 2844 2
2761 2280 2
3499 1026 2
3571 1397 2
3325 3147 2
2984 2946 2
3331 3163 2
2585 2051 2
2978 2956 2
2339 1532 2
3476 3374 2
3097 2828 2
3099 3040 2
2278 2009 2
3384 1142 2
3283 3251 2
3349 2630 2
3326 3217 2
3387 1928 2
2667 1833 2
3338 2801 2
3344 2428 2
3656 3643 2
3414 3393 2
3662 3054 2
3162 2645 2
3263 2881 2
3347 3297 2
3547 1566 2
3069 2370 2
3061 2248 2
2787 2692 2
3209 2459 2
3610 2640 2
3070 2955 2
3399 2459 2
3431 2352 2
3471 2469 2
3552 1925 2
3588 3571 2
3164 2977 2
3070 2891 2
3473 3008 2
3586 911 2
3587 3425 2
3439 2812 2
3408 3331 2
3461 2710 2
3471 2953 2
3162 2928 2
3723 1083 2
3386 2134 2
3251 3059 2
3043 2812 2
3388 2884 2
2796 2556 2
3191 401 2
3423 3416 2
3228 3059 2
3612 2483 2
3466 2940 2
3010 2532 2
3447 1015 2
3521 3436 2
3708 2932 2
3424 3372 2
3264 2440 2
3468 3067 2
2056 1470 2
3683 3667 2
3345 3018 2
3431 3209 2
3409 2284 2
3679 3525 2
3376 3360 2
3723 2717 2
3689 2686 2
3049 2442 2
3685 3415 2
3421 3398 2
3778 3714 2
3696 2374 2
2506 2324 2
3503 2650 2
3424 3310 2
3636 3623 2
3523 3242 2
2861 2632 2
3123 3047 2
3064 3048 2
3252 3201 2
3127 1505 2
3796 3175 2
3821 2978 2
3068 2607 2
2543 2298 2
3037 2505 2
3844 44 2
3470 3282 2
3844 351 2
3609 3177 2
3800 3470 2
3651 3275 2
3449 3404 2
3627 563 2
3818 3614 2
3770 3024 2
3716 3667 2
2399 2283 2
3484 1605 2
3710 3380 2
3888 3145 2
3420 1555 2
3782 2996 2
3798 3782 2
3843 505 2
3879 400 2
3844 2815 2
3156 2930 2
3340 2993 2
3886 3741 2
3816 2975 2
2597 1119 2
3538 2369 2
3727 3495 2
3853 1266 2
3931 3810 2
3897 3879 2
3839 3091 2
3511 2763 2
3620 3260 2
2868 2593 2
3933 3614 2
3926 3768 2
3552 3543 2
3814 3645 2
1991 362 2
3822 399 2
3590 3373 2
3928 1381 2
3967 1958 2
3777 2417 2
3828 3472 2
717 662 2
4000 3714 2
3972 2537 2
3605 3332 2
3977 2704 2
3456 3132 2
3953 3453 2
3749 1780 2
4014 3974 2
4012 3339 2
3928 1097 2
2356 2222 2
3165 2686 2
3877 781 2
3889 3848 2
3991 2811 2
2695 2660 2
3942 3928 2
4028 4020 2
4028 2974 2
3965 3872 2
4040 2383 2
3975 3877 2
3929 3672 2
3030 2684 2
3670 3426 2
4023 2093 2
4045 3354 2
1934 1342 2
4047 1553 2
3774 3069 2
1978 1906 2
3675 805 2
3949 3153 2
3954 2983 2
3949 3920 2
4059 3759 2
3895 3785 2
3660 2807 2
2527 590 2
4021 814 2
3676 3066 2
4031 2468 2
3709 3599 2
3972 3905 2
4069 2921 2
3884 3797 2
3683 2491 2
4050 1646 2
4038 3678 2
3989 1604 2
4015 2135 2
4047 3383 2
4034 2093 2
3845 2749 2
4093 3952 2
3911 3845 2
4018 3969 2
3862 3773 2
3721 3194 2
3767 1973 2
3967 2554 2
4073 2252 2
4039 3772 2
3958 1989 2
4060 3024 2
3508 3132 2
3985 3977 2
3839 3234 2
3888 3839 2
3124 2983 2
4063 3590 2
4077 2505 2
3903 2500 2
4109 3754 2
3827 2259 2
4030 1597 2
3796 2973 2
4068 3428 2
4075 1358 2
4053 2037 2
3935 3791 2
4136 4095 2
4063 3944 2
3952 3884 2
4048 3573 2
3569 3442 2
3776 379 2
4107 4051 2
4139 1845 2
4053 1172 2
4115 3668 2
3999 2497 2
3925 3600 2
3953 3575 2
4100 2135 2
3351 2376 2
4076 3992 2
3282 1405 2
4075 3177 2
4135 3924 2
4146 3377 2
4121 4114 2
4027 3834 2
4128 3499 2
4073 1956 2
4131 296 2
4131 3963 2
4001 3147 2
4133 4067 2
4145 2761 2
4129 4099 2
3777 3674 2
4154 3921 2
4156 443 2
3528 2380 2
3821 3816 2
4154 3876 2
3999 3983 2
3846 3805 2
3463 3455 2
3738 1332 2
4174 2725 2
4169 1807 2
3957 3212 2
3932 3864 2
4185 4166 2
4179 733 2
4173 3787 2
3736 3508 2
4049 2503 2
4169 1006 2
4191 2566 2
4078 2966 2
4176 2573 2
4097 4054 2
4194 3329 2
3779 3427 2
4177 855 2
3926 3025 2
4161 3937 2
3333 2263 2
3446 3388 2
4198 3154 2
4001 3799 2
4197 3032 2
4124 2263 2
4040 2439 2
4154 3678 2
3972 2923 2
4208 4181 2
3480 3319 2
4197 4148 2
3612 2309 2
3706 3334 2
4151 3604 2
4019 4010 2
4221 4213 2
4220 3370 2
4224 3967 2
4229 4226 2
4133 3944 2
3965 3797 2
4194 3763 2
4215 4203 2
3355 3135 2
4234 4207 2
3506 2791 2
4238 3994 2
4239 3394 2
4239 3778 2
4201 4192 2
4238 4146 2
4244 4043 2
4244 3520 2
4247 3053 2
