19.506327732344364
19.62586206521013
19.682652757739163
20.124762435895708
20.237988708222773
20.251585721932685
20.60392483677094
20.68321350364706
20.720301572039773
20.77013987794959
20.788269746551407
20.791635147612304
20.84518538160335
20.938243632183877
20.939955291699707
20.979855609336735
20.98246534631554
21.197802811954595
21.448060264739166
21.482871301332068
21.595295677085094
21.607400887683802
21.618814557574606
21.622811423163878
21.62523401875494
21.687690407252553
21.692527235310536
21.744587835536034
21.745798937546244
21.7464550730997
21.747902226301044
21.806987866907583
21.814690236227413
21.896762908569738
21.92633490719514
21.93013687994555
21.93622977417573
21.973467901800124
21.973969697502074
21.97959823131799
21.99167761497936
22.026766594173353
22.112214358275743
22.14471978641252
22.16476805029479
22.180432865461253
22.240463472401146
22.260973191406023
22.2876004094324
22.305568849451184
22.31785367858267
22.36185409897895
22.417751483758423
22.437857742580256
22.452239833335657
22.45421277999391
22.461165574303493
22.467356079577883
22.474380986500638
22.480445236180778
22.4809058074
22.490631015822338
22.491101509185416
22.494848077529355
22.50061712776833
22.51030693612353
22.531852055138817
22.53338123855923
22.54309006344811
22.547585038377143
22.565265764668126
22.578218968728944
22.597060642556862
22.609136414852887
22.632517540942832
22.636025565726452
22.676612764605437
22.681677122036632
22.686384105970184
22.69453516671719
22.704150527017756
22.706825608957235
22.713020472495792
22.718103005318508
22.719488438558006
22.755618272767848
22.756932902182403
22.757256347697783
22.77323787569478
22.786709353532522
22.78931128861318
22.80337830728891
22.82349292493741
22.841754675951638
22.841908104346977
22.842635361221642
22.850149750658133
22.86487598417053
22.883973032045773
22.913788808727332
22.922629839183276
22.94151989623265
22.967420258014414
22.969502286952192
22.971419888891713
22.9743254844003
22.975580735913425
22.977516487709202
22.980244018778468
22.98178308882963
23.013339577530875
23.067978181421463
23.077213831356858
23.082571742165566
23.088349834801125
23.093612876935943
23.110039656575644
23.118784974875982
23.124442255929893
23.147956127489437
23.166065417660676
23.16607104696831
23.178368340496977
23.20176521620777
23.249698064836345
23.25281740023402
23.270566008089478
23.272309224817675
23.27269690481303
23.286377290496997
23.290586008735392
23.299890264283764
23.31502116187796
23.31567808579613
23.318111937860085
23.31867242764207
23.343051784332218
23.349147668463985
23.35605018792586
23.357539095042064
23.35834593050771
23.36014797286352
23.36035518972662
23.366122598433652
23.372606762401357
23.391632028561677
23.40025841867279
23.420733091156727
23.42577062069211
23.427707638602712
23.433631569732608
23.436244696071622
23.43817917995715
23.440982174204528
23.444784114323944
23.445126748667338
23.462747683455245
23.468120299421628
23.49920743922392
23.505687590617036
23.505955503266787
23.543602068433664
23.55407569569063
23.560445024205567
23.563907476945605
23.60390420636452
23.612253713360158
23.61547961758027
23.62585947555686
23.626826384993507
23.64115082132531
23.645768844925996
23.64721364594997
23.652250645795128
23.656774590601312
23.661216425871615
23.673897619939506
23.679783492159295
23.685022859976122
23.699422843944618
23.703253231190768
23.71014409347531
23.73291368443594
23.754120473886214
23.771253419171064
23.79305627789736
23.8085649957182
23.82715654179487
23.830061905549787
23.830270414221395
23.8451785364451
23.850925052178273
23.85093039459678
23.85553153746189
23.864825073281906
23.87331549462578
23.873756099448002
23.882681806356295
23.892072449162796
23.89900040720319
23.904236310302004
23.91052887514601
23.9244890245538
23.924934134452414
23.95881241835712
23.962734288454904
23.962870561543166
23.96978504436104
23.990902126043647
23.994792524591652
23.999547031998254
24.007766589907767
24.01373945690832
24.023580972910526
24.024850348736717
24.025695039106772
24.026165116487036
24.032469164162492
24.033617852884447
24.047160576033143
24.047590603201588
24.051004065828714
24.054520887340235
24.054954287095388
24.056353645100735
24.056968983933157
24.06761994275306
24.070380375264566
24.076737543711232
24.07860651884535
24.09209705687064
24.143595651180043
24.1503119646863
24.159744638974235
24.16700443982642
24.17811614161647
24.18336169859325
24.18817665127936
24.195430445202696
24.198661430185894
24.205184640284255
24.218343668987416
24.219198140689002
24.224455412011313
24.24380053455467
24.253457269456707
24.276023590561408
24.28539391190694
24.291531768136498
24.311626961607622
24.313397010367353
24.32007140705746
24.32669899691996
24.333374056639094
24.33934537735507
24.347153399794326
24.3474926692846
24.350353480993242
24.35288113955189
24.380489146768777
24.38755604753355
24.38982417057638
24.396653088443554
24.401655034070433
24.401722473813226
24.41146811464921
24.41179843048645
24.413095375986067
24.41679026014142
24.42246393597675
24.42694173640692
24.43064396978385
24.430969215176372
24.431673616149084
24.43612272401811
24.442664686173668
24.443071001950052
24.44383371301989
24.446011800569863
24.453747935606508
24.454209676952093
24.45476541654555
24.459813025421116
24.461279924243534
24.467353436302318
24.467641236235405
24.46881145277214
24.473603207743043
24.4827331379478
24.512704010860414
24.51815393629762
24.522105106326528
24.524340728252255
24.549407452350376
24.552205449147674
24.558866946624796
24.563548226112882
24.56484719187799
24.576832157283796
24.578882572190256
24.579867018635632
24.58217881353105
24.583326860181344
24.583900373780732
24.59081907045983
24.607452206166908
24.607575035869413
24.60819875882003
24.61154219494586
24.612423807756436
24.61397561490753
24.61814541340284
24.622873941045306
24.62306493827104
24.634060425712022
24.636679441108004
24.645299671676266
24.646274559984686
24.65373607672884
24.655088316281404
24.65622727866117
24.668986561495657
24.691622444914465
24.696767029732804
24.700107392106407
24.70698245614967
24.725568992653212
24.72710155201803
24.7371219802368
24.75375782394098
24.76355528591643
24.76452464791328
24.769855965446546
24.770189190211553
24.77423935732212
24.775049925275187
24.77562867019241
24.777484404889588
24.777965578664073
24.778023705880464
24.77832666447955
24.785196693952678
24.78804504385892
24.801287040653637
24.802364816886232
24.80308279684655
24.804028692977024
24.823132288136556
24.827700521458834
24.827829941037272
24.8324189794578
24.836765040081676
24.83697821229892
24.839688784485464
24.843815257498566
24.844874688384387
24.85040005578789
24.85737640466196
24.85940814625698
24.8856540207901
24.889168313112357
24.90765835517806
24.909981266172522
24.922352258133817
24.93561170841713
24.93802039210439
24.93933310931736
24.945639306752767
24.954583550794368
24.955175285717974
24.957533163542326
24.96426135909498
24.970502035846543
24.97781746894187
24.979897972377763
24.98355867501631
25.00004892658001
25.018213516499483
25.031041459475116
25.03870731855319
25.04465556328503
25.051024061937024
25.057005220039144
25.058859087443487
25.062271056653476
25.087694681838933
25.088103273735214
25.088769944607485
25.097878293385815
25.098772168647393
25.100120199448956
25.10546524087236
25.106839044663026
25.118406108604542
25.12214846193425
25.12459488156089
25.126142899908103
25.12815290876495
25.132284828661312
25.137127400802598
25.13802152408939
25.147277508144658
25.148843375137858
25.158338357422867
25.159291489899502
25.165091101421837
25.165728308748886
25.168604652614366
25.178846577621496
25.18197472308729
25.18199637461874
25.19802620136172
25.199075678173475
25.209517254099396
25.213816707705515
25.21406722251382
25.22474861925745
25.25090055801571
25.251617510796745
25.253247153065516
25.253463632335357
25.269807241803132
25.28141805925866
25.28530619213979
25.286374522675978
25.286380400244038
25.28874589505057
25.29552800894948
25.31170396612202
25.316133806662947
25.323153658724973
25.323606969049365
25.327666187147276
25.340056201232656
25.352218054432427
25.35605248404415
25.356105977109163
25.377774533370616
25.386878086528743
25.39974059795468
25.401082988290415
25.403287145657643
25.4039541621168
25.40789305419825
25.417947966784673
25.42356662077572
25.43498571992651
25.43646722783207
25.440010987514395
25.448451241046047
25.455235711860976
25.459800103123523
25.46124301102333
25.462641955485196
25.46312374137599
25.464335760542333
25.465447543722444
25.470291974882073
25.47145117922642
25.477237331319564
25.478164100657054
25.48950859549627
25.491691395168125
25.492152131569316
25.494565140739766
25.497567683192315
25.50061512293601
25.508816993323325
25.525194490556913
25.532623159509463
25.53856456370239
25.538717391923512
25.540937210272432
25.545414496519875
25.55238793030837
25.558736639123467
25.563281916963962
25.570913005607288
25.575370184741583
25.577340523576954
25.58664959328588
25.589347681312372
25.592189168369156
25.59334985013481
25.59956172804765
25.602722163690338
25.602917547023566
25.608972422015146
25.615307659688966
25.616065382596947
25.621111785465562
25.621722752800277
25.622487950357723
25.62349609026586
25.625692835314155
25.627033945342053
25.633843071212752
25.634298604478225
25.662715875678103
25.672031863113514
25.678585023816716
25.686625719206404
25.6881709740284
25.696206182313386
25.701284454191335
25.704180233641644
25.70595331447555
25.71999729749701
25.730956262339326
25.73622618156058
25.7388420113428
25.750475469025297
25.7577442474516
25.76377316194963
25.770549176949785
25.77733191028293
25.77986845391594
25.789776890069597
25.790684066731103
25.79684155176448
25.80318535448248
25.803734201725938
25.80601338541256
25.80890319757642
25.80905466186095
25.823609775200854
25.825755007676598
25.833855119260573
25.83790366720247
25.84298200181438
25.84329293455508
25.844134743191976
25.85058039791624
25.86277734192727
25.863158315593402
25.870789583786745
25.874331235466418
25.879652128810516
25.88916089039569
25.891192884561125
25.89705404592346
25.899406382720677
25.90278193943817
25.92215911827565
25.928239348200794
25.92856551885322
25.944735788522667
25.95359537578142
25.961728515494666
25.970652405319417
25.975815368967226
25.97645248412854
25.977870687774182
25.98375612561458
25.986521875288037
25.988131652755097
25.991481010835138
25.99849144635834
26.0082985325653
26.009117605198036
26.01126685170854
26.015815084901835
26.01599992866862
26.019456775484656
26.02047689547581
26.020644733439518
26.030579638349543
26.036889779906428
26.037559597230196
26.038344860283438
26.03981122573135
26.047949397900275
26.053221313143293
26.066499303165457
26.070583487995776
26.07078422050022
26.074794142452387
26.076857101836428
26.077804209683674
26.08407823479116
26.08811063703039
26.090536272729494
26.093662846911293
26.09723865290503
26.10752803768551
26.11260046682862
26.113234407833595
26.116087348136123
26.119450438201273
26.127691630393937
26.139934885494533
26.145964317808094
26.147830571650932
26.151174862172574
26.151362984118414
26.1528490997267
26.159749897489004
26.167671986034264
26.171750677527555
26.175476448898927
26.17576996925802
26.175868051332635
26.1850568460969
26.185987513059057
26.189354947343087
26.196114916613983
26.196690446806414
26.197388200899255
26.19845508151056
26.218404176044213
26.22328387259494
26.250478548877712
26.251987196965327
26.2526016849444
26.25975644864293
26.264558717839538
26.268162676977667
26.2764875030556
26.28733775610282
26.287754524434465
26.28823659789365
26.292511584841726
26.302390167051406
26.305649463760894
26.30850960830328
26.311802424436262
26.32171948110051
26.324293848357176
26.337271249547136
26.3409693525743
26.346541548067076
26.34832113991124
26.35204702029991
26.35300584106683
26.354374621293356
26.358088888601735
26.359549362525946
26.360798054324952
26.36296576542537
26.364373698338827
26.37180251472395
26.374128677357508
26.37858805255863
26.39335809849514
26.402076952248308
26.40543917513574
26.410770032402805
26.41136878694077
26.426699005625824
26.440376915906043
26.448181452737355
26.44977732442433
26.45101998953895
26.4610907361855
26.461591665474963
26.471566801417655
26.472749397262852
26.474205002145215
26.484590099362563
26.48487530265597
26.485574620668324
26.490746110822865
26.490755035800618
26.494660451570454
26.498328676563716
26.498347809632048
26.507639692704615
26.507989160364282
26.512994152622717
26.516646724658322
26.523891655403897
26.52836180793063
26.53396228833231
26.535864651914363
26.5366103406954
26.539633113830533
26.556279505391448
26.558436135720296
26.558441111023896
26.56132748182885
26.56284426033518
26.565888195101905
26.57533887950471
26.575914728490524
26.579292019698848
26.5797362753062
26.581502158330327
26.58244470033907
26.593751661990133
26.60057820254569
26.603818921915785
26.60993656170908
26.6099676011761
26.613606278398173
26.627426580798925
26.628150150424936
26.62918014733236
26.633192816238736
26.63472980442451
26.63945780179926
26.64573791877395
26.6514444586034
26.654918260242354
26.65646422751936
26.65980642788169
26.66187896121762
26.663336663347234
26.664952340717605
26.665213208868327
26.671169657968377
26.67194266684981
26.689522802023156
26.690759732918043
26.697632957985956
26.700132087999584
26.70425677836552
26.713112102565066
26.713341366446624
26.715933287125182
26.72161823807785
26.721895131116266
26.727431042685733
26.733604943979056
26.737520518187598
26.739762833346422
26.741393928532446
26.74268701939983
26.747560413115373
26.76687808982558
26.76709368743235
26.768428891620246
26.772782277754082
26.77441633455525
26.78296654505856
26.783439070026905
26.788573975474947
26.790243771912365
26.791262255443957
26.791360100373748
26.793202575014107
26.794651672864106
26.796049379994017
26.79799028953792
26.799404982683726
26.80120811641737
26.802195851977093
26.805366613010577
26.806132230739713
26.807626311738936
26.80920330206699
26.810783811164008
26.816921375436465
26.82650292651726
26.829024087540002
26.831000365048677
26.83263863195855
26.852377222625293
26.86050498575903
26.863711170655453
26.86419632326029
26.864659052585512
26.86725274635403
26.871218531142514
26.87336921649788
26.874348061193047
26.874645368286384
26.88016009797642
26.89202807316646
26.892193146023956
26.892721472143368
26.893381617322902
26.894642223828065
26.89466476452133
26.89594632462018
26.900704751912453
26.914785180041463
26.917415898368827
26.921316109990173
26.926533909435445
26.92763860220059
26.930610062735973
26.93250720673261
26.932549405291898
26.934870607755105
26.94125370834119
26.944507540910486
26.954846861745914
26.955838833812447
26.95806338497805
26.959954626646038
26.983245186106323
26.984707986984244
26.98629679540497
26.992197394753934
26.995373902763507
26.99637670393578
26.99805893305101
26.999847216802742
27.00009422979437
27.002206967623636
27.003268792525596
27.007286616364475
27.00846570192607
27.009304977547565
27.010414695962837
27.033328468399393
27.050787894597022
27.052543090483784
27.067926678908258
27.070419817116477
27.0707148764715
27.077848448408375
27.084199178025827
27.090709088620535
27.106565586678926
27.10726942358312
27.11174254836434
27.114533997355384
27.11465968561751
27.12388119032786
27.12520132669699
27.140713936467765
27.14089988183495
27.14499970434406
27.152800170683758
27.154931335763592
27.157682556298283
27.1639567476317
27.163980442709587
27.181818705574894
27.186717660974526
27.188146938767936
27.190067858496562
27.207498200681595
27.210434181354447
27.21643220738171
27.2310380784777
27.231955752293302
27.23637769750436
27.237548034885194
27.245684084570367
27.246011461391745
27.248615681658265
27.254346959704918
27.26483033414594
27.265119893759014
27.269195778564004
27.273661680446654
27.278253764669042
27.278273702720778
27.2815082934907
27.283695931942322
27.284273491691224
27.287786231177623
27.291511848814757
27.297465290443284
27.302861829976365
27.3031596857708
27.319177050627047
27.322538191108002
27.324471305474606
27.32578836177358
27.33395609268946
27.334155741436412
27.33591894941506
27.337609673178537
27.34201174577916
27.343857477824972
27.353645507274205
27.363380879302586
27.367444568537977
27.36790897400859
27.372812811976612
27.373986171426207
27.374371806660957
27.37559985379692
27.375662555577588
27.380144962888362
27.380534618339496
27.389084536541247
27.39451681051248
27.401440189517583
27.40407927048531
27.40882251266802
27.415193310438102
27.41725499305584
27.42271597488922
27.426664148569404
27.428903589518168
27.437823367815618
27.446344037262477
27.451616463624983
27.46515651247451
27.46593019628627
27.478814199104495
27.480257295507748
27.490921687830244
27.506051553108204
27.506383923922726
27.506421657291142
27.507543614384595
27.508999031214923
27.513803929108285
27.514768013416493
27.51838429787652
27.51943592301338
27.522261496996833
27.524789686633323
27.53974346880489
27.543445631628185
27.545347568658045
27.548180434076915
27.552357137394438
27.552882037611347
27.557609447241727
27.562864133219982
27.565861725192214
27.566140411781763
27.56743632584231
27.57256277113489
27.574102732790898
27.606423475797044
27.606630914750983
27.609903544379375
27.618516262636337
27.62481005773288
27.63095670336553
27.636099408904524
27.639072416856088
27.64164675117864
27.659567088369506
27.659597870567428
27.659730243798506
27.67470789457064
27.676161662612145
27.67668245115629
27.67681313315828
27.677464419643307
27.6826732932624
27.682952933311892
27.701432491195273
27.701478891963497
27.70233650504302
27.70711308514215
27.713985832257283
27.716688890892843
27.718604239660504
27.723698636582007
27.731132361982496
27.731568790333107
27.7562746493426
27.757102188079358
27.76775566552256
27.767994981369842
27.770239593630595
27.775606638055194
27.77853946203615
27.781824603055227
27.78681862945619
27.789422485249744
27.79844017261472
27.806728389756493
27.811874278589034
27.812340902397942
27.8198087896338
27.827429937190107
27.831609105116065
27.83259937801298
27.833518072398377
27.83451060727461
27.83572384754203
27.838071370333168
27.84213809503054
27.8427393712844
27.84425933895098
27.850466420850022
27.85564472481488
27.857279178364614
27.859716850239835
27.86225825309054
27.86704879731872
27.873616315852658
27.875248145644225
27.883713869232984
27.88496705420879
27.887193550722785
27.894562910547595
27.89869846945965
27.901186282926723
27.913465045901614
27.91599434678342
27.920818098167977
27.93329929090883
27.934132625686246
27.934968827877082
27.935962329002784
27.93791103679156
27.939353255747648
27.94136283233061
27.945467312526915
27.945571325250192
27.946320821421036
27.951671356083477
27.953968447936067
27.954873046983632
27.956212799213112
27.958389629092864
27.95956656193282
27.96496016733296
27.967609055246243
27.968039840320245
27.99120704883168
27.997225334828954
27.997425413218284
27.997564131943175
27.998243159440566
28.014843531739523
28.0203128598643
28.02143929398601
28.021978375343455
28.029507016044693
28.03547262486741
28.037875584943116
28.040529710097857
28.05697971016049
28.05816603070914
28.0666624592023
28.074706303538065
28.075875296352578
28.084365605496828
28.08481747304393
28.086631865475194
28.09705588551628
28.09761646547488
28.0994733413118
28.100237397623854
28.10707104644801
28.123317708267614
28.128915460500103
28.134352075271554
28.138883335479658
28.14858598011311
28.15171429981266
28.162842580886135
28.166782088716175
28.167627678856675
28.171169037436176
28.172363089918438
28.176088320438318
28.182739128939744
28.18379463008665
28.18796645781779
28.196624816640675
28.207925257644263
28.21177297597632
28.21225365446858
28.21474361309155
28.215380013289394
28.217423879992282
28.218560387347004
28.225019492141293
28.225998872382675
28.22749541757079
28.232258853528556
28.233549873616525
28.244046872315998
28.24705732291705
28.24782202588525
28.248424302602906
28.259105394708673
28.269585697641634
28.27080577565741
28.272559818691114
28.276320663971433
28.2787804597097
28.291154240928773
28.29250477208896
28.3001830067515
28.302965561776656
28.304817151208695
28.305179174768462
28.30702455076746
28.31611523032592
28.317658689593962
28.317710038172294
28.318249809695825
28.323926752298796
28.32888273286688
28.33045602294058
28.33131119834668
28.337405480637745
28.35213593852621
28.362011338102562
28.36418811572881
28.364333199022003
28.366219351235443
28.366315981889016
28.367694029536878
28.367823840462187
28.379469776503402
28.391328166989098
28.39450648465535
28.398024002062368
28.399441310298386
28.401785218281816
28.407935871948318
28.408383973740847
28.41453396429681
28.415442595057375
28.422498231831426
28.426205954944276
28.433950972254348
28.443201231401154
28.443407280177357
28.445106847075344
28.451928409515933
28.453394860255703
28.453790310538903
28.4542996970622
28.454775659322387
28.45812742916758
28.46447251057165
28.464865571912178
28.471753409535076
28.478489489875624
28.487937567212764
28.489221622954155
28.495892637552252
28.499870639731977
28.50010406813641
28.503408217285905
28.50828065529334
28.510090146951217
28.511889464181774
28.512294272646223
28.517616235797135
28.527464122446762
28.53059147891834
28.53784905087165
28.540071333996117
28.54912265256401
28.554886193593607
28.555824249029037
28.56095142449672
28.561652109613842
28.563255204125184
28.564364015015286
28.56650788559875
28.577911288439513
28.584101278473597
28.584840505533247
28.58713490704603
28.598364896085986
28.60007110298907
28.617872954825774
28.622005761975064
28.623443829813557
28.625881508562507
28.62759476364428
28.630865858621668
28.635241707176853
28.639359204750118
28.64174965826751
28.642474549490252
28.64287252200013
28.646031564027364
28.653185691296017
28.653272668353967
28.654674388175973
28.65965740333538
28.662997824187183
28.66603889628672
28.67789394370901
28.677961152171502
28.679720175097735
28.681537757269542
28.689304527820287
28.692482764279877
28.69901615958326
28.70194645347925
28.705994752280187
28.707108502516668
28.70839644765485
28.711282793967037
28.71313264601566
28.713875876294033
28.717085572655243
28.7195557863622
28.719686215709217
28.72387921391712
28.730242777060965
28.730355834893025
28.732517893560228
28.744286888534674
28.74658172536622
28.748394223916552
28.751176429490616
28.759614899814608
28.759723731173704
28.76836853891097
28.77110326808121
28.77606032495969
28.785832396471367
28.78791402302197
28.78798138840807
28.788888861998124
28.80593209006876
28.806040974207004
28.808534644188565
28.80899848512191
28.820112523564358
28.825515816775557
28.833832340691664
28.838950801713427
28.84153722329111
28.843571538321854
28.845889778341228
28.850998920418895
28.851584343334522
28.858050515878993
28.86027278753862
28.864963903233708
28.8651566006785
28.87087453109874
28.872034983966547
28.87222236992008
28.874499459217155
28.87761649600906
28.885736728374706
28.886876449042735
28.88951390055509
28.892098902022443
28.893657316371005
28.89521008797993
28.895855957394478
28.89915122719312
28.90075492751733
28.92073114113287
28.928054049457653
28.928231639765155
28.934569923176596
28.934596900331083
28.94100733860206
28.957341226461864
28.9645755383677
28.968759016902883
28.96947359777913
28.97258781762588
28.972743083875077
28.976625615559062
28.988081432825954
28.992047610583484
28.9922158768211
28.99535518436969
29.00545333095045
29.006297080033317
29.0235041202623
29.028249461762098
29.042905728690357
29.04868598780871
29.06524077686044
29.078685107301585
29.080511040856393
29.083228501714515
29.084964169314105
29.0857696172035
29.088734351677974
29.090223165981087
29.09233013840897
29.10408532002533
29.105739437342788
29.106396946114128
29.10675378949438
29.108976548531476
29.12759172367679
29.12815521301252
29.13016779673594
29.13464905992189
29.134849515563644
29.135239248677447
29.15552871745511
29.156526886701545
29.16136322332439
29.165116584810946
29.16572364332937
29.18367351920168
29.192691716069753
29.19529262367578
29.199820551385237
29.20073347003056
29.202789029216987
29.214431433660653
29.216508270583965
29.220021125935453
29.226147018921168
29.227166140735626
29.23408089235776
29.243890066807417
29.248143897937428
29.25204853111094
29.25743772320289
29.257944531642053
29.25963277287367
29.26760365140782
29.272794700149372
29.274663687329085
29.27530722074954
29.283632108783
29.284349128356002
29.28919159004018
29.290142212239694
29.29221521796332
29.293224582002924
29.294356683929546
29.29616248219036
29.297672651462566
29.302891127832883
29.30315838125803
29.30906523937839
29.31993438960249
29.322706606088456
29.32536665596979
29.32723345403992
29.33730376975229
29.35120511176288
29.3548087084923
29.35549470716544
29.363501154202517
29.371727521060286
29.375842107290204
29.38202796380066
29.38971972718196
29.39863616059396
29.406400379438008
29.409215448262664
29.409378892474702
29.411071397336187
29.413692392681057
29.41515746583349
29.415201742803458
29.419315080684733
29.420022024085586
29.42964026363475
29.43563319276493
29.459711516968735
29.462913957091786
29.470105314418596
29.48664652330288
29.489482983063546
29.4933510389777
29.5048893578417
29.50698396314725
29.511462608382846
29.51270511294911
29.515793135014597
29.530590847111114
29.530762401616062
29.53809299069641
29.54046718209237
29.54698295513809
29.5495857402321
29.55732622720878
29.560761311619903
29.566349720905055
29.567771748946083
29.575743357871062
29.579183595295845
29.582164385728678
29.58324098840704
29.58935941899322
29.591524315623904
29.592756594711314
29.5929701105996
29.611977249171222
29.61794787331721
29.62323591771456
29.636840264452566
29.63844260677922
29.643191985447462
29.650187398725812
29.65181471711408
29.651912503974923
29.66224598928006
29.663480754115387
29.663669895122624
29.664381250424448
29.666603564356983
29.67415809337542
29.683581241037228
29.68902742430751
29.690579434050257
29.694380746314888
29.69792264312285
29.70556627539966
29.705916042456423
29.70792907692372
29.71084635258786
29.720037120894364
29.725337064010123
29.73148894199092
29.73237030838755
29.740339799698802
29.74399097923787
29.744269450518832
29.744986187633373
29.7528547558164
29.754051066957008
29.754868549796225
29.755442358130683
29.75564582995185
29.759630391147102
29.76026881956746
29.767401985126703
29.773818005001004
29.774349681255877
29.787513424373575
29.78897094527619
29.790412939189334
29.799266383269792
29.80376549363006
29.808217744494854
29.810719445369696
29.849731621191047
29.857787268884685
29.860986438613654
29.864900025226742
29.869432240660608
29.871299700519426
29.875116868548353
29.87539507481883
29.887489253515152
29.89175332903557
29.892514626425058
29.90321722486941
29.907950986432617
29.91129627392925
29.91462701473227
29.917750547746614
29.920285916687185
29.920347151782373
29.94616703079076
29.946651734427267
29.947170475753765
29.950774722404113
29.95780136666225
29.96101729508013
29.964393330355335
29.96802794009959
29.970723697212843
29.972580727380723
29.97479037133908
29.98362300267996
29.999729049430936
30.00757202084915
30.013273334887216
30.021361669770904
30.026243642162918
30.02627560064753
30.026861025918826
30.03084927350143
30.037767908427078
30.03843606622605
30.04379567148145
30.04815267673916
30.050541103289248
30.052957463348058
30.053276978189185
30.054629801565458
30.060631276612757
30.063834504630893
30.065679786857185
30.06874985741675
30.07030818932282
30.091779724568358
30.09876146649356
30.098791832113065
30.114682203644374
30.116245673834353
30.11979346535796
30.132871830754766
30.133077317450006
30.133568024463106
30.13420950223916
30.145092250321905
30.147680079877414
30.14883241014682
30.153787715454634
30.161581211433532
30.163051533050826
30.167293781951866
30.17149621782882
30.173324286805677
30.183234503795564
30.183652753197556
30.186865649097637
30.190847318943362
30.195883859352676
30.19884722366054
30.199103577123584
30.19922242777058
30.20598782547209
30.207678116445045
30.208426851628985
30.21487074596183
30.219973784072547
30.235100133670183
30.235656913041232
30.235663159955482
30.238222386669552
30.247591802771243
30.248061771832113
30.248823180898444
30.253622673972664
30.25490199991366
30.255150969181734
30.257777105067333
30.26913935720064
30.27104277960041
30.278833673278474
30.288456658896234
30.29586132020163
30.303295945181016
30.308243195912617
30.311278496256612
30.31527640315552
30.33079231804379
30.33463908437491
30.336578028886084
30.336734851951697
30.338236277705683
30.341185382082962
30.362087457044744
30.362861407513726
30.365130811479744
30.36864966705081
30.369784235968368
30.375081100331787
30.379635906102607
30.383142174679342
30.38437714338619
30.387295805119933
30.3933486279075
30.394713551692575
30.399601254636472
30.400077226057107
30.404408239898395
30.409279064000334
30.412737902671903
30.41337174813397
30.415906336708822
30.419409413932943
30.42060997345087
30.43176164701096
30.449324138979755
30.466447334925356
30.466952268313737
30.47589275382582
30.476947823954905
30.479303252612652
30.48575616946193
30.48644075001501
30.488277774560515
30.48963623910815
30.490410461970196
30.493762736960996
30.495987776560085
30.50735235550879
30.513569060560805
30.514919157737182
30.517770126123814
30.520383790737334
30.521597764826637
30.52348302720911
30.52905391412548
30.54634695645959
30.547799662007357
30.549180769733944
30.551963289875697
30.554922819420657
30.55710239727391
30.557160528975338
30.559873537208823
30.561780827626826
30.562602256582892
30.57049615935247
30.572204004391153
30.57400628031929
30.5779481573787
30.582961874991494
30.58343957026328
30.587677075969815
30.587985943216587
30.613081488741543
30.614553991468455
30.615131472012088
30.616650056785577
30.61810614310262
30.61903350731995
30.622679431718634
30.63615802232895
30.649143982688358
30.64920807747445
30.65174763998027
30.65479444796911
30.656651409360055
30.666620571129272
30.6674146905467
30.674955345630323
30.67503417035409
30.695600338416195
30.69678520431174
30.699545671748133
30.70814956232242
30.71062367771015
30.717931325376387
30.718844276577048
30.72475750916768
30.726259489903647
30.733711617661395
30.7342274430955
30.739262776841958
30.740976492193
30.742021758731884
30.747539971211456
30.75761842573173
30.757719098629654
30.766247774592998
30.772156171395302
30.77685908487397
30.778292904265072
30.7793562107445
30.78167481293774
30.790225707532404
30.7915967717202
30.79256894429033
30.793464651584703
30.793625815456306
30.795760045408205
30.797017916537815
30.805888802202443
30.808276948448324
30.81381418688999
30.82431469511376
30.826958248580205
30.83381742430427
30.83701278522562
30.843824279919396
30.844458521735156
30.85040248677219
30.856241479643028
30.856728548097603
30.858721585056422
30.86042505319279
30.861285333585474
30.878079830496326
30.878259728674998
30.882994644694453
30.88388096504007
30.887070902346075
30.894537607124732
30.89629252671909
30.896384211105126
30.896891875674132
30.898302499682266
30.90174471387027
30.915905612486174
30.942159633176235
30.946353326376023
30.950925624022616
30.951823464231857
30.95182701200531
30.95331514630545
30.957577336642753
30.96049537688741
30.966915138578294
30.96875477265561
30.972431874616642
30.972695061188194
30.984705179469483
30.99099972202422
30.99387975332721
30.99468931308699
30.997604178783458
30.99961173668887
31.030922056464785
31.031189537618197
31.0354640612408
31.044009472968092
31.045301571278316
31.046511060089166
31.047611929850294
31.052149219631758
31.056127982340975
31.059608181686116
31.065863872356843
31.073616457372996
31.07562110677957
31.088714076210806
31.093135542118265
31.09448228663455
31.10426984406624
31.11156948403026
31.11353276278105
31.117043504699847
31.118591049889634
31.126405128519494
31.136846853956804
31.14965588997729
31.191315992988038
31.194552436453616
31.211184873761866
31.23758501868171
31.24958969005442
31.252187963579342
31.25468979527845
31.25585090446408
31.26227083893242
31.26765476389287
31.277818865591932
31.28131595341842
31.28166728077379
31.283004997403065
31.284585004386525
31.286258517039865
31.290617904396164
31.294719066596894
31.298114317535017
31.30437083348144
31.30881930131889
31.326125372685894
31.326962780283647
31.328237067736218
31.333433882305926
31.334249320384618
31.338380853826223
31.347936958126695
31.35587550421762
31.37325073921026
31.377317426468075
31.37759893132828
31.3827299763035
31.394817737029385
31.402188449610463
31.415780963690292
31.432530183202378
31.434647037559284
31.435392743483135
31.439872867772944
31.44035899564459
31.443150204681423
31.45024872871847
31.458073072032523
31.45979965694229
31.473866435519643
31.477635833565564
31.48861888020396
31.493844920712515
31.500584003287734
31.505065130217226
31.506691336327783
31.5152771250459
31.520581307384948
31.52693013444904
31.532835961452662
31.53586952208261
31.541364036244147
31.544170360938057
31.548411377607263
31.549479885866518
31.55094160883514
31.56068677107718
31.56080366701491
31.564305969477633
31.566389581047137
31.570848050513707
31.577178760629227
31.57996286383505
31.580608808817946
31.581827914190974
31.58187805269163
31.586674035553443
31.590091827767946
31.590557143318655
31.60173051739341
31.601780154974207
31.60232538272767
31.607034821068854
31.607095182346914
31.620544634842258
31.62803209829961
31.629946821204378
31.63154836518909
31.634181984412518
31.636184426070887
31.637869655023852
31.64650736095389
31.64906481236889
31.652987954196156
31.659898125433198
31.66457527319866
31.667970919151198
31.668451557581648
31.669490825394902
31.68278099469137
31.69214600183665
31.693118987682986
31.69535014049839
31.69600251658462
31.69622097857914
31.699865952302076
31.701266190689772
31.708883549022126
31.71654920504745
31.725296762231917
31.726265958457354
31.727420114928695
31.73174283353705
31.7473296594625
31.75467494539207
31.75497152521917
31.760625259538518
31.7622607623196
31.762362168714716
31.773736397035577
31.775783245717406
31.777447068460525
31.79516262752545
31.799286452805365
31.801963668167037
31.80316406492911
31.805890210804627
31.841514162555438
31.84498019703133
31.84566403743755
31.846308555776407
31.847021713708337
31.847431379952965
31.858334281872068
31.858984027448038
31.861924996043697
31.8628799901267
31.8644097856021
31.86702978046641
31.86704039199023
31.883891246188348
31.885151564497804
31.886698088368977
31.88886681556457
31.901715048771436
31.902874945787882
31.90899132734955
31.916475345318712
31.92174842814052
31.92258343795798
31.92462576401549
31.927782653892727
31.944678700522843
31.95327813185983
31.960441008240316
31.97482706475068
31.976175998844862
31.980811940909255
31.982723005798572
31.984883967619226
31.9859673150656
31.988647803055073
31.98991448005406
31.99849279758721
32.001553698735016
32.01482703286738
32.01597387597588
32.01781122280485
32.01914009724064
32.020241519244614
32.02602516956755
32.03170521243657
32.037845781249935
32.03807252570855
32.04225971328855
32.04797768500258
32.051863147937574
32.0603048856093
32.0700395116211
32.07274029778721
32.08253347476571
32.084907815178866
32.0871483130755
32.08986837104043
32.09711390947431
32.098410786538594
32.104072664705996
32.10418646425952
32.10878809144371
32.11607223993719
32.117340578255266
32.12235354712763
32.125041472428464
32.13402004506236
32.139258473929026
32.141414851273524
32.1414907712403
32.1426498392274
32.143401920529115
32.14569810906721
32.15007179342904
32.152058191682514
32.15240850081462
32.1559841686533
32.15682791857957
32.16080774693503
32.16845790463526
32.17002981946122
32.17514894884381
32.175725921461755
32.17903707537889
32.18691619397517
32.18799448250745
32.20805009552712
32.21540976862218
32.2159762323393
32.22180866482229
32.22259147492354
32.22756128882795
32.229391933427465
32.231366669776534
32.2391680468905
32.25253718943226
32.27475370137325
32.27985259089743
32.28663609481241
32.288875668035104
32.29541427969644
32.29994525282365
32.30205008203846
32.30270741356738
32.317974354777846
32.32121248068538
32.327013656804375
32.32768130168011
32.33156997836813
32.33193958135561
32.338131098473916
32.34108875285801
32.34170838161137
32.34390858854834
32.35661149886654
32.358960934498114
32.364334419216476
32.37199337808018
32.37345034858131
32.38284451622343
32.383741455509124
32.40747508573887
32.40795538470083
32.40916689295999
32.41568556054412
32.41758513632889
32.420073788298055
32.42372844826442
32.43581256059484
32.4378521743302
32.438383372999034
32.44240936565452
32.44350219699303
32.443777486782345
32.443816747068674
32.46975032529393
32.481114643168105
32.48228095748132
32.485170918584565
32.48881813082679
32.49681363725149
32.5035685820749
32.50923206882492
32.51430106959931
32.52114710802306
32.52261561773674
32.5262482156627
32.5326058977734
32.533531321231706
32.54723439562628
32.5528089354468
32.55584234591509
32.556500726154816
32.55660635259227
32.56093347657101
32.5614046632595
32.56806316023649
32.56927202821779
32.57333800462735
32.57863958386509
32.58070192946324
32.58328465275738
32.59532832051555
32.60695317103785
32.612016467072905
32.62159463178016
32.63387190926996
32.64824396308416
32.653274555291226
32.65374846583264
32.65759917297721
32.667680563093725
32.689520531311764
32.69884370795504
32.70144509641535
32.71084160498909
32.71640768766688
32.72467793670639
32.725963877914836
32.73849217003655
32.741465949424445
32.744357569262924
32.75440070358173
32.755866410363176
32.77590630856344
32.78147710232484
32.7842702233752
32.78480484539115
32.78624310266655
32.79154598217328
32.80523829060119
32.814541715206595
32.8146738854013
32.814779518680204
32.817825265316195
32.82528600493295
32.82712011536496
32.834110020955094
32.84205039402489
32.84716997727156
32.849703050697066
32.849869216549756
32.85413112951853
32.858104658218416
32.865197973006275
32.86597240935096
32.87072433208612
32.87597037631644
32.88105221395911
32.882392504985184
32.889918964336545
32.91811261442223
32.92111103936578
32.921864999570126
32.921956754470855
32.92275872940154
32.93784588628672
32.93845047456178
32.95710334542299
32.958024238864645
32.97650155954626
32.979196348440865
32.981560523619436
32.98457032558965
32.992932121202706
32.99510590818773
32.99579508423077
32.996308529026074
32.99723869621135
33.00031980794517
33.01034717048208
33.01090875968274
33.0243369264081
33.0307681640689
33.03125759038796
33.03946891919178
33.04075335534695
33.04466347411583
33.04528046072636
33.06072368740374
33.06130619796303
33.06629981458203
33.07147699016521
33.07200168324803
33.072222768456825
33.076484419687056
33.07857089934005
33.078746504541044
33.08465842624824
33.08616731123504
33.0884608716819
33.10967953299838
33.114152268499964
33.1210378802621
33.12229963177433
33.12587358271941
33.129141532316744
33.13332986116296
33.138826945600556
33.14031635853065
33.14584056897662
33.162123947837586
33.16468598757949
33.16490025260774
33.16697207237187
33.17649269789742
33.17679233313405
33.181661169848695
33.19040982886114
33.19502409598883
33.19753269095749
33.19893781567145
33.203183458885455
33.20661656482341
33.2071887646212
33.21384129309883
33.22548883341213
33.228048981774826
33.228133198687246
33.22969371009283
33.24013004047658
33.24745025664034
33.26138358813975
33.26592448171179
33.272897415999616
33.28929794269976
33.29039804307832
33.29703971136866
33.30315895989208
33.32666625438421
33.3352345752651
33.3375366530414
33.34041033092428
33.344938442359634
33.350717335977905
33.35521188984419
33.36098757538675
33.36312278619641
33.36452952028789
33.3702475306838
33.37518811564055
33.379897250809165
33.38025080266369
33.381497367335875
33.38493070606981
33.3878797950497
33.389750845345226
33.390408445889086
33.39343952104851
33.39552537577428
33.396720543840125
33.39777576281331
33.402649951123244
33.40576917569265
33.406537913261246
33.40733150651984
33.408435121665725
33.41058348997099
33.41294978239704
33.41838635201181
33.42142697428463
33.422262567357635
33.426203243612775
33.4282681775626
33.433472564634336
33.45040015470904
33.4538051775326
33.462734492650796
33.466294877376534
33.46734783556277
33.46918623686307
33.47073130206527
33.47971008415724
33.480695024302406
33.48140436403683
33.48849208711159
33.4936694419694
33.49994619993287
33.50529497113424
33.50647090880432
33.51071237919353
33.51304084585926
33.51526317984883
33.523608246213854
33.529897601027734
33.53213830635877
33.53236704725631
33.53513716422258
33.536956000332346
33.55084111648354
33.561595276769765
33.57233905193142
33.572353122294956
33.57429765761739
33.5789994622341
33.588470995534756
33.59493004651454
33.59922997129829
33.60811154342986
33.61081179851645
33.61237408731748
33.61637799296174
33.63477321110563
33.63843443635682
33.64009106890119
33.64271937316657
33.64501462700387
33.64585028113738
33.645915477133975
33.64661865689528
33.648347080613114
33.650809096260495
33.659721193391185
33.65992960740589
33.664655284451044
33.67270648067057
33.678035098971364
33.688686729281116
33.689332401102384
33.691520918352225
33.69276887647143
33.70420880114109
33.71749512184518
33.72131516495617
33.72147211848464
33.724773952361296
33.728255312945706
33.72847023874204
33.728694580635874
33.73102896157464
33.73248231811189
33.733779857230296
33.736085145021164
33.742121662007264
33.74853903074951
33.75768664508811
33.76920892264004
33.77449416371683
33.78275752063331
33.787628925989814
33.79272448195155
33.792770937362256
33.813308367843135
33.82202471395567
33.825721013614604
33.82744280790364
33.829206065220994
33.831349666033184
33.83646773607432
33.83794694499035
33.84022361460637
33.855293976884205
33.85894672695457
33.88103851861669
33.88504414179381
33.88654361316952
33.888546852896205
33.89116442868327
33.89204643476324
33.899831112222095
33.91662828171213
33.91689096004247
33.918721674920924
33.9212748166943
33.92889508625832
33.93019482136494
33.95321594519014
33.95409396092138
33.962556553431284
33.962912911464954
33.96513827136717
33.965837888082554
33.967850534170566
33.97281671459295
33.97839937612207
33.98418538763189
33.99897909734637
34.00015670113043
34.008327258355514
34.01556007726643
34.02726242337629
34.03321561848517
34.03586979039159
34.035981759140846
34.036278487081574
34.040055357461505
34.042179254575906
34.05110923406112
34.05976314851621
34.068619730071894
34.06930478226567
34.070627980553695
34.077121573788006
34.07796189495819
34.09257579780413
34.09412222331019
34.09541836981674
34.10500671473175
34.10688231984257
34.11200395574511
34.12365706127774
34.12384913222174
34.12440911690845
34.13233768155847
34.13736503052696
34.14669415291211
34.14934000094653
34.15271370451698
34.15693022151013
34.16103120196731
34.16712591059238
34.168262919647646
34.169417688468194
34.1729749252519
34.17744938193878
34.1863780276565
34.18714004002344
34.187197665162174
34.1896663226189
34.19076356243346
34.19561664285117
34.20066792992636
34.207055142281526
34.222292867080974
34.223624486675476
34.23224192042127
34.23609624027393
34.23912588822945
34.24130876183216
34.2479299522181
34.25732196379251
34.26128642877426
34.27829504803667
34.282345408624515
34.28669452198873
34.288697501890304
34.2893970138861
34.289882920646214
34.30658325219065
34.3102009847955
34.31112313257865
34.319608133091904
34.332831068208854
34.33503585046168
34.33608119824859
34.3719260202168
34.37221131577728
34.37316937781555
34.37643280352364
34.38477639912645
34.39680475040169
34.39747197983501
34.40927518549008
34.41569233772987
34.42236737106063
34.43434123516259
34.43946461374486
34.448406193041585
34.45020618153544
34.45464537682712
34.45626262099165
34.46279162370992
34.46714811859767
34.487638781627574
34.490462242241925
34.50448993404594
34.50949894774138
34.51003445634292
34.51354938258847
34.52648929776571
34.52840937388598
34.52933215876044
34.53423983747042
34.56235948182313
34.56739610307671
34.56765724689979
34.57010329896278
34.577346112766605
34.58227882019564
34.5984002728408
34.60022362682584
34.60160800323253
34.60824168956119
34.62203677720954
34.62634488202396
34.62761983245512
34.63222777425248
34.63250363521698
34.64004920908332
34.64197330098901
34.64479501406143
34.64685979480237
34.65725937123139
34.66201881345739
34.677522013959454
34.68763674748671
34.69458733366856
34.70295202205465
34.703361342386515
34.71762133164297
34.71819019314059
34.72193816522822
34.73078245534087
34.74791202537025
34.755212694755635
34.76859685534744
34.77801215862197
34.7818876814731
34.790416244664904
34.82378780440083
34.82975033983325
34.834554329034724
34.84128641965877
34.85822144433326
34.86579146653333
34.86865787979062
34.87206540495632
34.8812579585999
34.88425571180154
34.8963739523993
34.90602943776782
34.914822979569706
34.920034624308215
34.92835008425664
34.94881544426427
34.95915305305686
34.95949843877553
34.9671417322864
34.97626722629056
34.977074182962696
34.984143493676065
34.989096067188704
34.99898026866684
35.000770022820646
35.023376331349326
35.02870407708296
35.031656945836424
35.03638040670102
35.0408294097008
35.048593987272035
35.05598333316385
35.064495686695835
35.06991920083399
35.08701837315528
35.09503857266594
35.10121064419361
35.11212494856805
35.116225436806964
35.11881034240629
35.120143223547444
35.12279913967788
35.12623280250541
35.13592146196881
35.138270225761076
35.13948199395044
35.15072614319663
35.16357203187092
35.1745119808042
35.17621000412256
35.17699709296842
35.178542878045896
35.18528630706842
35.18636704948203
35.194493375991364
35.20288963321201
35.20504004062871
35.20785153219149
35.21378763730579
35.214785561178516
35.220411838250506
35.22561614968149
35.22589751505742
35.22712707959806
35.22749257636344
35.24034752846934
35.24076641473763
35.24605979287775
35.2592950101312
35.264391933262395
35.26619573445517
35.271820214213285
35.28422359626
35.28544781481686
35.29348787244767
35.293529910724295
35.29394010687228
35.30291319069263
35.324335598403025
35.33066199477853
35.33538345063103
35.340746674442755
35.346827556144746
35.3544366118491
35.35546787688205
35.35965985216686
35.36754202684726
35.37002783839464
35.370876940949294
35.37518246854305
35.377395929279565
35.3779592149086
35.378864810193384
35.38044023915748
35.38226867773401
35.3838827551765
35.40987702007018
35.40996936614864
35.42261677668104
35.428201299969245
35.4296760264153
35.43007036224362
35.435898720239
35.43854786407464
35.44300720135447
35.4550255788901
35.458799059248435
35.46568313773486
35.47255115308325
35.48303313460052
35.48426998526189
35.48781131448811
35.51388266130276
35.518696971152536
35.52191081712141
35.52906339094583
35.54373453345258
35.54546649153775
35.546373427555764
35.554425351896036
35.56109400633438
35.565649961048074
35.57026364931658
35.574667349662946
35.5758035624913
35.585591911065215
35.588693546370116
35.59134533260786
35.59580006459375
35.60216150890383
35.60294338447747
35.61584638659196
35.62010833069785
35.62993681607147
35.633761970794914
35.64043603502438
35.65041691119966
35.656064098578995
35.658750593639965
35.66108530579614
35.666055118343806
35.66846212820101
35.67274161212542
35.673354920946714
35.67448609377895
35.67828227217775
35.6785945946415
35.682929768782444
35.688253290918524
35.6945285298305
35.69880093588583
35.69932078724145
35.70150401628403
35.70532384943071
35.708242150763645
35.714207439273075
35.7146339384108
35.71770136831395
35.74470644696042
35.74780219515905
35.75810709451278
35.77837759234175
35.78727039075247
35.79783052950037
35.81729832162684
35.81774608352179
35.818515218844006
35.82111976877763
35.831404080844386
35.84948131797025
35.86498423814905
35.86731055786933
35.868444879921284
35.87030231459357
35.87103615975343
35.87815055218231
35.882323166744186
35.88361375486024
35.88548199273543
35.8856177090575
35.88567443392793
35.88716982655421
35.88880145400306
35.914850916597736
35.92381795451065
35.93243704292181
35.94075943045627
35.95014255785545
35.953120782442696
35.973851778175636
35.98335767084547
35.98336431233997
35.98411655771884
35.98599227832969
35.99310936269088
35.99455458918179
35.99614375482783
36.00221401844107
36.008099983273055
36.0130146520142
36.017313687138284
36.028354368332984
36.03173871100676
36.031975271452104
36.0335925813062
36.03547268565605
36.04344027383342
36.044520167380504
36.04871128465196
36.0533375011722
36.0541618061944
36.064687325503236
36.07115595120826
36.07708595762438
36.08400589750222
36.09304350328594
36.10644427791524
36.11134654344585
36.114469466577695
36.12536414888341
36.13097144111025
36.14229934111462
36.14644705695355
36.15444447927695
36.154507322251504
36.160693009499234
36.16591662545794
36.17362164996368
36.17602422917615
36.17679180905937
36.17706537290551
36.18018409693849
36.18163457990768
36.18208818476363
36.182150772641165
36.19629398667107
36.202142128005676
36.20431757029238
36.231699283829606
36.24157277749896
36.24260681041024
36.24905495562407
36.25683607960716
36.26029507304595
36.26889859281945
36.27704792092446
36.28694466489713
36.28984289107029
36.29313938220326
36.29981158843492
36.31563316858723
36.31773163492005
36.32904630964968
36.329377714150496
36.334075318741526
36.34058276067512
36.34205493824485
36.3579056870127
36.35941180228144
36.36523688470685
36.36541673322317
36.37082630271739
36.37261931697022
36.37812870022281
36.38032646999532
36.394627572745456
36.40560059855227
36.40693259463254
36.40746442354057
36.42929979746745
36.43518372956651
36.43873967602607
36.442371036858574
36.44282402451006
36.443728639548354
36.44808747613961
36.449105148264366
36.45173496178084
36.46037590589523
36.46151117696794
36.47689037801685
36.479326852618584
36.479852199103206
36.48657587873481
36.49510515899584
36.505232758425095
36.50546712089066
36.50828939190085
36.519497483663464
36.52038684042715
36.535703989939215
36.54249366084475
36.55199946830468
36.56017699481492
36.56773706529692
36.57397488750258
36.57807488570517
36.58368452928193
36.58543132328664
36.59710109262578
36.60875430507484
36.61090180156956
36.61967320681085
36.6207919987424
36.627305468622936
36.64338690285213
36.65649926264555
36.67611631880948
36.6772346067035
36.67772843035132
36.683273474654165
36.68837516604209
36.689196009271875
36.69858893859702
36.69936444518338
36.70067752108071
36.718255345646035
36.734123953447515
36.7382090234469
36.73872149621543
36.741934144165846
36.76340065969244
36.76944923513437
36.772514447980065
36.7734051658796
36.77943798410129
36.78283551372138
36.78949463046414
36.794337440657266
36.814020147105616
36.81804373415566
36.81827148958384
36.81872784881344
36.84536065569276
36.849569507960695
36.84962969813405
36.85894311584062
36.874326024108434
36.89263374530514
36.89742934462182
36.89988612167198
36.90786630400102
36.928374375921315
36.931181286800296
36.944767238043504
36.95909624580351
36.967786976401946
36.97433958205949
36.99559461935091
37.010469317962574
37.039296874801664
37.04898301940683
37.060312822320306
37.065593336623756
37.06621868194539
37.07243044683714
37.07321334114285
37.07567382644289
37.089595239567196
37.114033068370965
37.13207886868238
37.133593072465565
37.13881951862294
37.14279692599679
37.1450584165706
37.14870414618384
37.14950904326891
37.163419263391816
37.167488250955785
37.170508753943004
37.182976860498435
37.18511734037543
37.19575686322794
37.20186709397953
37.20665172873489
37.20773216478602
37.209754452349266
37.21239963700468
37.218666714098745
37.2191187218985
37.230281029467776
37.234575559111434
37.244849572212594
37.2529099686085
37.25397064672881
37.261348422353095
37.27261067511297
37.277586320901364
37.29403398425185
37.29540216546427
37.302545591282176
37.30286168468921
37.31980787879873
37.32107520029287
37.32723557912676
37.330710422442614
37.33839467213221
37.33964445539118
37.34209560447543
37.3473292085505
37.34833081879179
37.350514452907305
37.35468394942142
37.35623512667245
37.3578907426976
37.38101838768896
37.38686017404372
37.391826618987466
37.39294429611823
37.41033155645358
37.41454320846531
37.417335101528884
37.42465208662839
37.42697720782024
37.43565466763852
37.46003303207511
37.461565431655494
37.48802401120823
37.48984141284368
37.497359661997805
37.511977822818494
37.518345658323476
37.54380452076004
37.55658679723391
37.56946646379303
37.56947024254717
37.572465396764606
37.57524320899625
37.58913622318525
37.58942209814767
37.59060699699562
37.60410754466228
37.60517377097078
37.614618086921524
37.61723025880338
37.62212657164085
37.62471757518816
37.629187568022054
37.63751632640832
37.64061083071264
37.64088189576708
37.677264040019075
37.68377898662188
37.68863280405435
37.7055795933109
37.73204473709773
37.75258966005964
37.753813902266614
37.75508303258842
37.76460182343532
37.7653002570196
37.76886415057155
37.77562197161839
37.79783085613015
37.80066044294457
37.80411822953123
37.80623431076423
37.806509177733936
37.80653143491178
37.80665948175868
37.81095416764405
37.820530300382956
37.83022631902236
37.851365396560475
37.85380232576715
37.86116890378236
37.86204767729937
37.86638512038967
37.86860501989149
37.87128094457495
37.87751146849529
37.889012737112246
37.90662757035448
37.91860788796408
37.945129162876235
37.95249880121096
37.958781123748636
38.003848876595974
38.008362421785066
38.018692651955696
38.018791035157605
38.02084209231945
38.029579951655585
38.04568671141025
38.051318020142894
38.05460383776465
38.063064771971526
38.0715645043706
38.0763075502251
38.085834333817225
38.10652686204057
38.11796420372357
38.12161066826636
38.13130684902444
38.131476593703276
38.132753407707895
38.133689885077374
38.14763819774403
38.15089217156861
38.15301418704373
38.159228127665415
38.182942011239035
38.21150938633884
38.218279891238375
38.24004219193179
38.250223405397364
38.2509319771824
38.25252220709202
38.26032451439692
38.26326811203335
38.27222554348387
38.28077795297402
38.28725940528103
38.288014520203184
38.28824859460489
38.288538683599725
38.29528435278498
38.31496691637703
38.32340003755203
38.32490068176898
38.33401052881639
38.34176310959199
38.344947756625736
38.349361783376196
38.35096596291664
38.35183370565283
38.355792844102275
38.35710125512615
38.36106018778092
38.362939768278565
38.375059210208555
38.37797648485348
38.39645793184993
38.404884341854
38.40715542358641
38.410413619526366
38.42454168938387
38.428343756332026
38.439679915380985
38.45406620750242
38.462211930669355
38.463697243752826
38.464317466700926
38.46548267953755
38.469093398823844
38.4696208695598
38.48023666745493
38.48104255442186
38.48512153020402
38.49672091040899
38.50092352295542
38.50707079393536
38.516226452120094
38.54078748364846
38.54481242248797
38.56068399044499
38.56571037870123
38.56721008922172
38.572298350105314
38.57371733087514
38.57838364559157
38.59338607759121
38.5983398409011
38.60561690467608
38.615159768422636
38.63224435397227
38.642188559460756
38.642260525114224
38.65896297096804
38.67260061522634
38.67648435862595
38.67712514967754
38.686434527481595
38.69502263391984
38.695555368309705
38.712412546827686
38.717991325565514
38.719830317836575
38.72028505884533
38.7233209680876
38.74276387109012
38.752704564606546
38.757969384635864
38.78528698908157
38.787379006879554
38.79602995895447
38.820181636760225
38.82960585368805
38.834098040705975
38.854195231095616
38.855553743095435
38.861990934189734
38.86213079606166
38.86526069179995
38.90311473013435
38.904339861536656
38.905888396234644
38.93563131364064
38.945728390675335
38.94581586543777
38.94938167693383
38.952434912453796
38.95571047286914
38.973094937918475
38.98194136058666
38.9860486649155
38.987262361408426
38.99028047387781
39.01808055665321
39.03941434353641
39.05492004303369
39.06372289764176
39.063795412391755
39.084379571118795
39.09559486597709
39.097904338984556
39.1088038030792
39.11562381766215
39.12380553017941
39.15099814569882
39.15162993917968
39.15315529151995
39.153826192287774
39.16160722113765
39.168877669586955
39.17093261606626
39.17771157322992
39.18018936709166
39.185164805429714
39.18703317728925
39.19669184245666
39.200749240890104
39.20473681459309
39.207285327068085
39.222254714837995
39.234327849466595
39.241658641332194
39.248129555659496
39.26684189609393
39.29331710027508
39.2942871091861
39.30894964996293
39.31245807787675
39.32094240636522
39.345838318250706
39.352647492849236
39.35648752151551
39.36243256253062
39.37042773831783
39.37787766997572
39.38200924558408
39.382901076726945
39.40254358263163
39.41011235919393
39.41399312098543
39.418177561852595
39.423458638252
39.431863138235514
39.432632698428264
39.43870610874388
39.43876849540671
39.4501106896197
39.45054404716127
39.452452912665905
39.458026969037064
39.45885928132597
39.47215144091672
39.48458874275399
39.48565845912175
39.486061053372055
39.487849158851255
39.48885759383928
39.488874837951464
39.49019487344086
39.49082070548265
39.491400908664254
39.49238890422139
39.49375954627476
39.49975603484551
39.503910828431735
39.507598129978454
39.51236529447811
39.51288919066943
39.517804425749425
39.520224101442146
39.53966033005887
39.56747492416284
39.569878119222025
39.58026299724829
39.581956479290085
39.60311586638289
39.63596172460606
39.65255805688949
39.65592754016365
39.66082168239943
39.67485242915786
39.6834587744717
39.691362941676935
39.69576283091027
39.709602561010755
39.73459253021835
39.7387382396895
39.74008238757723
39.75274506104718
39.75401657454203
39.755197766720634
39.759666855082436
39.76344182996398
39.76702011530267
39.76788291928644
39.77322560860981
39.77438141431621
39.77689217907898
39.777742940205165
39.80202365291217
39.80793862398819
39.81066635188698
39.82386624625305
39.82594282718055
39.82756120595871
39.82891273737411
39.833529821654594
39.83878226466244
39.85982637485036
39.864050190411525
39.87340549346671
39.87594859829936
39.878300380581685
39.918361585810686
39.92253320225985
39.92670074595035
39.928336087009846
39.928650423513275
39.93013007029131
39.94634114069568
39.94636660714094
39.96341667633071
39.97131916518175
39.988896839142704
39.99117672262821
39.99685302614786
39.997876560971356
40.00948054297989
40.01750733930102
40.02660040039294
40.02805306985221
40.04262426633198
40.074027309568336
40.07720504214116
40.08815551091628
40.09083015501452
40.09666068669744
40.10040706016904
40.10472138625042
40.10641602524254
40.119531711519905
40.121048106511296
40.12209709088013
40.130855023098924
40.13105125362035
40.132209227605756
40.14476026382397
40.15719806289738
40.16081832367496
40.166689697522344
40.179467719293825
40.19303514941972
40.208918997347915
40.215761824222554
40.222113049339114
40.222809959624115
40.248585617591665
40.251487396906874
40.257187985331186
40.270406092507145
40.27511885180612
40.30202994752194
40.30851854068952
40.32918864395382
40.34065302277579
40.34481121222412
40.356274628017694
40.384504986337326
40.389875307126346
40.40395663646613
40.42370291916084
40.427683338525874
40.44941347387994
40.45886988844308
40.469794710219794
40.474946207027294
40.50419702264506
40.51676243754296
40.5312824555678
40.53442791499337
40.55641782579017
40.55927285200695
40.564758605115166
40.57126357593823
40.57842889137773
40.5812039593179
40.582720964465786
40.609825234138334
40.61859673976629
40.623326774309405
40.64815807691396
40.652076809431
40.6578956517425
40.663245747559166
40.665237815790455
40.66738447461423
40.69030743786482
40.69804808552045
40.759279602038916
40.76541457990232
40.77711141864274
40.78064497518225
40.78907624603319
40.789868820707994
40.80148482991331
40.806312859031344
40.81293644287523
40.828617713094076
40.83202761009991
40.85827534223052
40.86404351465978
40.866230026388365
40.8675084371778
40.86947385867494
40.8816622630764
40.90016131722931
40.91131736503567
40.920294340773104
40.92754394672063
40.928692238747516
40.97121254176389
40.976398055492794
40.977760398134755
40.98240209618093
40.98352013810564
41.00400837553124
41.093584321480925
41.09481586587543
41.10356088112943
41.105046453289276
41.10965703261157
41.11081906275267
41.123039705451305
41.13009602316192
41.13995089819265
41.14716971363224
41.14902882254015
41.15379508625152
41.16924191247829
41.17238919691567
41.189326040323415
41.233409431302974
41.24145236900486
41.25608421032464
41.267903381477545
41.282178032441045
41.28646420768709
41.31656714491624
41.32717171512297
41.33096525968523
41.33425855116323
41.346777835553034
41.36244514030808
41.3679327972616
41.37421111170862
41.41292778678855
41.41945331352707
41.43106431914619
41.45288307034134
41.466890449632125
41.47023324278482
41.472760394895964
41.482891096634795
41.490855435515456
41.495578451740414
41.503586657209716
41.50888649773456
41.52107467763577
41.52987236818543
41.538408688767234
41.5436330046565
41.54953423810567
41.56313269549941
41.5762122736993
41.59012172621664
41.59620784928955
41.615099261611405
41.617099067199014
41.62417089344888
41.6284310893881
41.65733784192368
41.671514173241135
41.67689215593624
41.69976132050918
41.71243794943358
41.714976658276754
41.721606170105666
41.723635044555984
41.72868374717414
41.75028906508759
41.75905441519897
41.77148961864846
41.80116269221135
41.80518357128968
41.81182057354949
41.81334010047176
41.8192796424749
41.821087592777424
41.85395144373558
41.86095509487125
41.87018177133812
41.878192860241995
41.90463307436981
41.90620393873067
41.93078634933224
41.958304713783875
41.97001609583363
41.98890595387743
42.03091147877565
42.051827731196596
42.06405768041581
42.0644370659261
42.07415428727845
42.086350136572925
42.11427996512747
42.11495867819079
42.12964511511928
42.131954793700544
42.16009178370083
42.162908899118904
42.18687648795745
42.20298147217479
42.20482789450279
42.209711661975604
42.21343515466125
42.21413857046385
42.221657212111964
42.24320081949239
42.25305580955575
42.25445818616844
42.26470164033235
42.316865476354266
42.32301171020754
42.349656502833334
42.372880644141425
42.384625434550074
42.41917361422708
42.42204061157778
42.43607577719373
42.443616826044966
42.44596344363287
42.45348970153508
42.455968774271525
42.504545179873915
42.50832618244479
42.511396572620626
42.51576345907597
42.521035653587745
42.525428822310154
42.53985750743789
42.551093602697655
42.555596637776006
42.57315211366326
42.581367314175516
42.58414256480829
42.59652345905633
42.60328610421658
42.63422713377853
42.645287173824
42.647083959948034
42.64925356067503
42.65076922761848
42.68030904769865
42.68320056098734
42.70689291009879
42.72137451566272
42.7457081948995
42.75781890462769
42.77819642869272
42.787983343621434
42.79615356446299
42.79683032113106
42.79819265876483
42.801017791885094
42.820929704409615
42.833188049685624
42.86122740618965
42.863449700556075
42.88422470707449
42.889572547144674
42.907775458967826
42.909220663750204
42.9127750972611
42.91523274061055
42.919678363529854
42.929081544220296
42.93081515069619
42.93888418816542
42.979928234758994
42.98263255083207
43.01226969810895
43.020035400387876
43.020682200202266
43.02674656607275
43.03045863751324
43.03284806082054
43.03613244226565
43.040012476373086
43.043895560284795
43.054731326600994
43.06698430332644
43.06828628312793
43.074444878502916
43.083808579536864
43.08506274727704
43.09037603870495
43.106879698996885
43.11922358361478
43.125469409697146
43.1274354631402
43.132094981877266
43.15903500783226
43.15903935113917
43.17426491631749
43.178188363181285
43.19215880631839
43.21220143499167
43.21390399781116
43.215205464287756
43.22323567222891
43.22790027695577
43.23827187802828
43.26505297779766
43.27042479230717
43.27160808194944
43.2802250879701
43.28072997986414
43.288353638434
43.309516574300915
43.30970127331458
43.3131737634072
43.31916302596256
43.31965059495425
43.32279189204391
43.328812080549625
43.3726252512336
43.38849474810308
43.40508831921604
43.42319288595705
43.43101845453389
43.43199891570163
43.44449217067039
43.45635615901459
43.49678709343823
43.503833450193916
43.5042662137421
43.50503513178261
43.52427682995018
43.53820605977365
43.543942199231665
43.554750735203136
43.556298638639596
43.56161055269542
43.562744262215226
43.56881904085721
43.62970863474134
43.631646751823
43.636051740911235
43.63940430843737
43.64003938979493
43.64284031448108
43.65293685797787
43.656698296936895
43.661348799823756
43.671955122891255
43.678936762031455
43.6802299405113
43.71318255529644
43.71616834539778
43.72781912107909
43.738012404069615
43.73954492964059
43.76390151302704
43.76884101750981
43.77170550676803
43.771726779387954
43.7824967141586
43.7875859245258
43.813417225702615
43.814457610703684
43.814919746922094
43.83140339820783
43.83534588636115
43.83597153241112
43.852801431142424
43.85606534908309
43.87754123053316
43.87795550685602
43.89717751592305
43.90345805121829
43.911727585356786
43.92887589129552
43.94252893935016
43.943604412454576
43.95542790946554
43.9694012621754
44.013811903447014
44.020890801140055
44.03641820791766
44.06003983106862
44.102741689635984
44.112185375528384
44.11637878263844
44.121997630153096
44.172257424687714
44.17226475357135
44.21458271880225
44.22952323138388
44.25682710917814
44.266163956262396
44.26881045883968
44.28772167536153
44.29295233831946
44.30484604838532
44.312443915696996
44.32623194658337
44.32861334710257
44.32861667149334
44.33057331400042
44.34740880159184
44.34799952550636
44.36375531661677
44.399987715460526
44.41095036349861
44.440068699368
44.456507226614136
44.47011070990118
44.49966756867859
44.51833099392024
44.526135863350845
44.55606808471814
44.558013447297306
44.56231081585894
44.575927429230696
44.59195771652728
44.60440909890118
44.61218687383267
44.65249027016367
44.656442958149775
44.660408510929756
44.66908032222586
44.67331961606936
44.708597872766305
44.74191486468737
44.74764673086405
44.793102033992874
44.81017046913148
44.82820821839145
44.859515549457086
44.88131492793002
44.97266769365408
44.98281225699542
45.02509128009108
45.06953733221511
45.069730346635616
45.08069934315608
45.0821017427068
45.095106406823675
45.09819548696858
45.11866329253077
45.12900869729673
45.16846026428743
45.171880797758135
45.19071848863289
45.21995194779293
45.22644630552213
45.25074946162334
45.271061505667454
45.285755483340346
45.286212465829955
45.32882048034966
45.334792893075566
45.395421193985555
45.410787873992085
45.42239863799449
45.43375039416858
45.43383558938795
45.43953503013363
45.44837818986884
45.47571245470475
45.56704455110302
45.576919752463695
45.58933264501519
45.59144269999586
45.594652212077584
45.606893854695805
45.61657930411113
45.62930870052026
45.63656192811533
45.65381357470456
45.659443716926695
45.68491374806681
45.689978818657565
45.70087490277493
45.70822656381754
45.743076705889585
45.74369661209938
45.76488452075179
45.772462692847235
45.808045210971244
45.82027308333491
45.82697431279713
45.82897213146077
45.83498527500167
45.859909887047785
45.89812812735592
45.90044495256875
45.923755770740414
45.93261270940698
45.953702159195096
45.97979272511988
45.990098113689704
45.99314304832136
45.999316824810876
46.02737062597856
46.177945786714226
46.20914467337417
46.22434212612622
46.2312796399688
46.24243135305869
46.26321332995995
46.29394552384031
46.2955846646408
46.3435071649098
46.344384978462784
46.361747305188054
46.364317473328455
46.37759920224767
46.41399106611657
46.4507856625713
46.462051980036065
46.51207444395901
46.53022736385545
46.53116435768653
46.55804415872203
46.610301839627844
46.643270207241464
46.65852309370017
46.677970128589536
46.68052759270556
46.685683128830405
46.709975148818295
46.75541590556519
46.75605970479412
46.76855078219777
46.78817254928849
46.85972496468749
46.88259482497677
46.97676027102294
47.000936379620555
47.003683838119564
47.004739509867576
47.015274383090905
47.02787972921445
47.05176882361658
47.0542443748742
47.11833739636852
47.12546883716695
47.17824147049449
47.21506830037663
47.2158296758195
47.22177221093639
47.24769316948016
47.2500059498439
47.26152965519971
47.27131710636847
47.31716047733545
47.375127774638564
47.37587482913507
47.3841966184186
47.39071524456854
47.40293976445874
47.40623919702329
47.40730265014707
47.420922083044445
47.42659849143088
47.44763272019079
47.455675520306336
47.557708502935256
47.601636510435924
47.630777068114
47.64246648610145
47.65225649096447
47.66403376335884
47.67117279782757
47.67256679470276
47.67534159266993
47.722292182278224
47.73454666380918
47.745417139154355
47.747900039391816
47.77481271110168
47.77557652899036
47.79095378632514
47.79561195730583
47.84184887229659
47.868222152992416
47.87175009074299
47.886143478750704
47.896494045438104
47.898450567691306
47.94736657986986
47.95101541605939
48.000863124151564
48.0187652361552
48.02999209873792
48.03705830687388
48.052638618727656
48.06283039140278
48.06496783079832
48.11172602747554
48.11433582720393
48.1427318999397
48.150869960890205
48.18012611115632
48.18291680672016
48.22523116248126
48.226767519650366
48.238591710139886
48.33087386758912
48.36270421535141
48.38249191950289
48.39228952921006
48.430996975236454
48.43498299863721
48.45578208863755
48.45613211724776
48.467356095074905
48.51520767041252
48.557274981020434
48.59989607941998
48.6667958642894
48.673890999463495
48.67894535890255
48.69183533922084
48.69788077232507
48.75432795998429
48.756400279031475
48.83407593385209
48.834834053480265
48.85220044920293
48.881406968817764
48.89443925792472
48.97537145222168
49.00890787464546
49.02716548057311
49.035345736270905
49.04466164523637
49.074748331132625
49.098302366859706
49.1364944053216
49.1450223433081
49.14611965981519
49.21011205478704
49.219871706532174
49.265576580358214
49.26718428658844
49.2686319579036
49.28473834395622
49.29036724249609
49.32109853706857
49.33904680058473
49.39432501636411
49.43210832360717
49.47767288712565
49.51350944820544
49.541741976392466
49.55314630860762
49.56976726391382
49.60748016660086
49.62196556499606
49.63241731847477
49.640908708708224
49.66060172041641
49.67411323987329
49.69104916171794
49.69166769284403
49.701462941962305
49.702525613746005
49.72553082190142
49.77651720043789
49.7769554145199
49.9528811669914
49.99451029654105
50.008026363026325
50.18238731404975
50.24220652162147
50.265697954439005
50.2670440493818
50.31101991094627
50.31703108354563
50.33680187055543
50.343263009080964
50.38200708649981
50.40303591031176
50.450162284863374
50.45543658699293
50.458127587590006
50.46811310436459
50.50191109985187
50.505441646082396
50.5620853719152
50.56917699649475
50.58364830885831
50.619258121918286
50.63469153585626
50.65834507194197
50.682569571064064
50.692074956161015
50.69508396344834
50.719496201210944
50.73204980864623
50.76024459702998
50.76162271999602
50.81200895333237
50.81834345044555
50.81911207849441
50.821104778785994
50.838885392764325
50.85833769174989
50.87360095214048
50.905523998541284
50.935825593739246
50.936559822340406
51.02124671295535
51.02512418801592
51.0316356165202
51.045571231775824
51.089367490085976
51.15255519844117
51.15437805279551
51.16367624134287
51.166051151551265
51.18614790115276
51.204658782898974
51.20953824116921
51.21662046540064
51.230330077307954
51.24632294035345
51.30666954201384
51.318342282664716
51.364263717788695
51.37844888901193
51.3843326323744
51.440590843460164
51.48000028364854
51.52817907838285
51.52934167631365
51.535019828427686
51.62569539931185
51.63175781163737
51.65698992627829
51.67365849848035
51.699983094813064
51.77952780743391
51.934038663675196
51.9931136953228
51.99801455357971
52.04367117173558
52.049973197168235
52.07339257551142
52.13968278335102
52.147160038309465
52.23591689686976
52.24359491431361
52.25232652328368
52.25841377999831
52.292949263760526
52.40546055199316
52.40656318389526
52.41302251936682
52.418330813363106
52.436039231741
52.43632289010873
52.512501876008685
52.58734635477818
52.598349933311326
52.61638137129269
52.66663961193482
52.67042471927154
52.67751312972303
52.70906627301256
52.73270022506148
52.73556053598422
52.755483025503885
52.794048822058315
52.822668533549646
52.85547223478405
52.87624144274906
52.88836809130283
52.918869483548214
52.93892836579833
52.9964631303505
53.05236537332954
53.05616024135656
53.12332673679374
53.13791412397187
53.184332250190465
53.20999421573334
53.21251107391907
53.23383646367335
53.23397952150152
53.298587557578855
53.345202240681985
53.41187783185174
53.422796656906335
53.42488786880492
53.46983709477266
53.519542553613434
53.54514046524638
53.60322660081051
53.626149771015704
53.62657372315197
53.67462846526919
53.6964237893554
53.85065219779409
53.86511877428848
53.87611170726768
53.952412962076735
53.964875755508814
53.97923639676465
53.980428649693316
53.98330123999588
54.06688304249158
54.11181342817559
54.14129385654809
54.237430752447075
54.25138498002821
54.327262786972476
54.34941462448146
54.37536672940764
54.47156197155509
54.52515525300771
54.5875763417036
54.59217774171641
54.59942896597731
54.736448247772486
54.944781294990484
54.96516920145205
54.9855244148294
55.098091773553094
55.12737781367604
55.1469668467135
55.15674449404821
55.20633628802374
55.240959777216865
55.243874065330836
55.25147417814396
55.29453788988668
55.33812759413673
55.43289253289193
55.47290683325663
55.474747580110474
55.57166060707549
55.59755932938302
55.61336135869066
55.62724648886936
55.62977791129875
55.64556558295424
55.70470210844314
55.73656420596799
55.752536511821525
55.7817092527157
55.85970518582549
55.92314110823241
55.971988591734416
55.99932095610002
56.013229966851014
56.023777132415795
56.147512486544436
56.22276600450687
56.39572266629577
56.40076203467056
56.410547329398185
56.61090687191164
56.670259034223804
56.82145291467207
56.840196554580864
56.87452227085702
56.87624848873624
56.87957203798927
56.91543723932566
57.02950279136238
57.0479761736557
57.09694838566092
57.09933788650026
57.17671675485539
57.17761856139692
57.29645332580311
57.30459288599941
57.362370174210625
57.369625711988974
57.39371085560743
57.432984121234426
57.46720787449448
57.51591378089157
57.53118136418616
57.626714138338286
57.73753584522832
57.74445023462577
57.7769125971187
57.80911816999577
57.826516272894786
57.87873436117825
57.985309730626234
58.00310964870404
58.02144841581064
58.02403662008778
58.08936257177908
58.175012216194204
58.24508281923749
58.252187914749804
58.37252547883943
58.42636565719182
58.447152270254165
58.52167386447304
58.55641042905738
58.568506683479164
58.58431048419091
58.598411789108205
58.61211157035229
58.61728650094558
58.69767366284676
58.707182025486176
58.93916262489993
58.99378204656838
59.02587893782351
59.12473900237016
59.145187275388345
59.153553762594605
59.19986182692647
59.30826364138811
59.54434675777468
59.57813882110821
59.60135909117643
59.61933554991563
59.64160985463915
59.6482149133139
59.843695486331185
60.084167515494
60.153487548804875
60.179409113962265
60.188437402195866
60.28759116459823
60.50563226263245
60.68836772270805
60.73649063653024
60.743804500893354
60.86749247491565
60.929581554571115
60.94331348985363
60.98652426106097
61.06280841661323
61.1459410407491
61.15911774268689
61.17700256983243
61.277641325879515
61.302699633000614
61.608260000569594
61.66579168925467
61.73799216246939
61.78000849145664
61.80430687331744
61.84223166448489
61.863155959793765
61.876174505434854
61.92571611497772
61.99606635520748
62.016405171133016
62.02687270005841
62.02877508877982
62.061094617098206
62.063482973751945
62.069796562536766
62.072516894193036
62.10125629026703
62.1559428318138
62.160858411761964
62.17040032106386
62.2376750437301
62.25241809368284
62.253432981295745
62.26708440020606
62.27665080533429
62.31652262857587
62.41956834524526
62.48811245267627
62.56760029499038
62.577682640629696
62.587592914198204
62.627918737031465
62.750203102686996
62.82424591364351
62.880066020243795
62.88236493198422
62.93350259538596
63.083089913103194
63.24054870906956
63.617227492461794
63.82845650130515
63.849822525892975
63.86326255484919
64.20060093288508
64.22789767518017
64.26934394265771
64.32024751954404
64.32357777368674
64.38027749681916
64.45053359274216
64.47273917811465
64.50433984718201
64.63504155077375
64.72095081648871
64.92304249470016
65.08210036613228
65.18124924904181
65.1980634501359
65.40368530214703
65.9069360561012
65.90856908716705
65.99685963817087
66.08866363896465
66.34660655950167
66.3754078915556
67.14586574536868
67.32862831948036
67.63140402152715
68.25171887600023
68.27554766875578
68.4671591166689
68.64528171282655
68.76015159293361
68.80902586382292
69.07285483280582
69.38504432575785
69.76781691975869
70.03906975324463
70.07096095816347
70.31709379465302
70.58852960132783
70.82061871415029
70.83187646676132
70.85323357537652
71.06445786951832
71.21231686126899
71.22398125611764
71.46391515232051
71.49332056486466
71.524784537462
71.67927947015703
71.79830943433237
72.03969433187568
72.56040215343796
72.77704764581762
72.7864374101397
72.9990585880347
73.00284164679952
73.0084703593357
73.09769758279043
73.41541000839291
73.61082124748374
73.62872226964848
73.65518391357325
73.70945235267071
74.06485524413445
74.20021154442665
74.41560809384399
74.49472896714792
75.04946904662019
75.08104340195676
75.25578427560221
75.30640359057485
76.09563702146947
76.93328254215692
76.96031372936297
77.39456448404042
77.65553454754766
77.77409365053366
78.62849114971283
78.74103556289515
78.99575682550616
79.02503186390368
80.47901012651099
80.64663369489715
80.66377095396129
80.83372016706055
81.29804022441402
82.8067864029706
82.81987821098325
83.4009611415654
83.57311497957144
83.95071043282931
85.76186547672985
86.06192994713193
86.273176575947
86.38499947383019
86.42394856903738
86.63212543674555
86.71200355646056
86.72334790394788
87.30911867457027
87.3235153160386
88.90839663319937
89.08304296638266
89.64819331175816
89.67586067496669
90.24877830852913
90.51507204158784
90.65455032860497
90.79389785684836
91.32829427424093
93.11901321874758
93.38827970012744
93.82433558720722
94.16913566166815
94.78211351903606
95.25162280192811
95.61297128330146
96.5794472925095
98.11558264643537
101.80199074778955
102.21690420257669
103.09520563497591
104.10716360419646
104.20530604938067
105.11796828378435
105.26994949596057
113.57243296770498
119.52943188075342
139.30078699287884
179.41922699989124
179.5548881168191
180.071574733776
