4
0
2
0
6
1
8
0
14
3
13
10
13
3
29
3
17
10
26
25
37
35
16
5
41
3
21
15
44
15
48
11 2
43
24
47
16
46
19
57
31
32
12
66
54
40
31
61
40
50
38
69
27
74
1
65
18
82
13
71
22
87
60
49
30
76
1
49
36
73
58
85
19
34
6
100
89
78
46
99
35
75
32
111
5
58
26
75
45
118
46
54
51
103
53
102
27
121
28
70
12
92
52
100
52
138
102
141
20
64
31
132
18
60
28
119
101
124
9
123
114
106
15
137
24
101
1
93
65
139
78
151
149
128
9
142
43
129
123
143
129
163
5
156
6
134
70
107
71
98
66
77
24
155
81
167
18
116
24
116
80
169
161
107
18
147
59
122
98
185
129
96
12
68
63
94
84
122
60
173
90
149
25
186
47
193
16
161
5
88
67
187
59
127
80
188
142
177
171
208
196
210
7
181
157 62
90
88
110
81
206
175
200
70
165
16
226
99
228
162
146
103
68
59
233
131
213
51
178
80
224
20
195
26
174
88
227
40
229
17
238
209
206
9
158
21
231
134
83
34
166
53
239
234
248 220
7
197
194
140
113
275
209
283
234
97
42
253
21
266
53
238
109
263
48
276
69
179
124
217
33
223
201
291
270
201
89
261
182
242
146
289
268
182
92
222
214
308
218
279
139
262
165
310
42
249
164
254
130
258
30
320
160
130
79
115
113
322
202
252
77
317
55
184
177
282
255
259
40
249
33
86
59
271
130
198
101
305
269
175
172
264
176
345
300
336
211
152
138
257
194
297
240
160
110
204
79
205
86
343
200
341
138
352
331
309
213
265
124
183
7
234
218
203
86
362
294
312
274
350
45
319
158
366
246
348
184
311
20
339
216 85
286
18
360
79
297
90
374
130
267
158
306
130
325
55
170
166
230
207
380
341
368
275
221
219
291
140
199
94
247 50
246
305
265
309
303
395
247 50
357
171
144
140
378
120
407
252
330
258
308
302
403
170
295
83
391
113
222
202
394
71
369
92
79
27
359
214
274
168
389
104 1
397
239
377
236
354
145
417
83
355
170
385
59
416
185
411
302
321
168
313
28
292
36
362
249
349
327
379
78
413
251
425
399
189
96
434
357
236
207
436
371 224
347
304
407
160
438
162
280
241
386
278
241
148
257
215
432
27
439
315
443
21
365
285
372
58
269
5
335
180
456
260
440
269
427
68
352
51
233
232
314
307 192
390
150
346
331
340
171
396
125
244
75
466
396
461
342
353
315
441
287
421
80
451
262
383
358
376
199
484
93
486
345
462
390
471
93
487
185
496
64
398
20
476
28
475
349
470
164
418
299
452
402
491
392
404
195
488
86
428
181
267
84
423
266
502
162
437
83
468
168
455
83
467
258
304
189
344
34
486
465
450
125
290
22
512
386
498
323 229
326
201
384
108 35
497
342
501
313
526
437
472
9
409
97
453
180
356
106
528
67
503
302
264
150
406
354
393
344
427
370
533
151
459
208
520
325
539
470
300
232
295
166
548
455
483
198
491
373
523
183
551
197
552
354
554
106
157 62
33
446 388
426
321
36
555
128
559
420
516
369
556
168
562
131
408
145
561
266
521
280
338 268
238
538
473
538
451
373
192
533
500
404
288
327
86
513
460
541
532
585
30
384
308
578
96
558
480
584
255
534
370
598
97
467
134
592
419
456
420
603
461
243
196
589
525
575
251
605
144
553
77
525
449
571
115
378
148
563
95 38
494
26
579
332
557
244
332
136
211
14
531
115
610
448
431
398
460
442
534
242
580
494
468
454
595
180
424 329
120
298
211
572
236
626
414
515
514
637
503
639
210
542
10
596
225 180
479
340
573
271
547
476
390
192
600
145
609
146
643
243
278
176
623
567
633
597
587
508
606
576
396
303
650
314
510
197
543
245
530
477
590
43
576
244
506
376
649
641
652
614
586
245
626
82
658
177
658
536
326
241
518
148
621 482
575
644
568
261
197
646
447
630
620
547
72 9
673
408
683
649
686
5
414
294
664
64
426
211
670
97
594
504
620
383
576
198
707
300
333
227
611
489
700
22
699
650
651
444
656
589
512
474
529
358
708
544
634
337
611
0
674
585
693
447
617
333
701
607
570
132
694
189
460
272
636
549
681
449
704
685
605
565
628
508
558
442
705
490
720
2
653
623
719
94
671
288
655
431
337
280
512
381
712
694
647
59
671
659
471
274
418
342
678
642
753
298
698
241
759
137
703
504
763
601
762
335
743
119
746
546
684
597
567
230
663
408
760
624
740
347
775
504
722
25
785
352
751
190 136
770
14
754
382
581
212 159
716
55
564
402
634
511
577
399
654
278
796
783
724
683
802
327
657
243
790
270
772
97
756
127
636
393
752
123
799
285
592
287
709
34
673
404
710
139
806
311
767
476
742
500
477
358
696
544
540
170
737
244
761
120
730
209
614
607
813
677
714
120
602
510
806
773
793
178
566
109
784
114
503
499
582
535
821
136
560
359
783
82
812
689
666
515
651
610
798
19
818
667
618
482
779
706
805
659
680
73
711
40
706
428
832
204
817
348
814
803
777
679
692
448
780
287
676 409
607
738
397
778
479
734 463
667
749
464
368
254
433
408
791
250 161
758
713
824
682
804
535
842
593
831
551
853
356
426
139
846
205
854
222
860
348
850
148
835
251
810
201
857
365
851
653
786
531
633
320
689
108 35
878
746
871
853
782
754
847
682
872
535
879
760
875
750
849
808
819
530
859
429 73
885
690
848
750
768
445
679
170
607
564
732
452
522
432
808
42
890
668
858
197
893
750
580
432
866
721
795
717 532
841
725
692
415 286
768
215
877
230
894
562
876
809
882
778
907
669
811
632
904
255
641
399
764
405
807
282
898
529
873
568
742
602
682
616
721
628
830
315
678
674
920
778
827
169
882
315
833
780
837
669
926
813
727
515
928
245
883
36
684
175
881
630
925
52
750
581
764
299
880
839
794
150
392
123
631
444
939
554
864
624
444
356
929
685
942
251
797
628
776
490
917
405
938
755
834
656
934
818
677
613
946
695 382
888
764
942
914
670
665
934
856
945
666
930
728
811
452
929
916
755
262
959
481 81
954
689
841
511
977
332
983
262
910
890
947
743
963
631
948
38
766
80
962
601
943
359
862
705
857
802
927
594
993
423
987
971
809
100
911
230
863
409
1001
604 336
1000
690
949
619
1004
988
998
457 263
793
529
901
356
713
456
915
572
952
418
789
690
1015
880
1019
376
951
627
1014
977
814
653
970
287
1020
428
931
587
826
268
1035
581
1018
665
968 739
463
839
449
829
335
958
728
1024
346
989
583
1016
999
820
819
951
624
964
922
824
748
941
888
1049
948
874
811
742
691
1043
807
1045
661
1028
1002
1059
600
979
957
1064
464
922
622 63
1027
921
758
219
1065
566
953
542
988
545
1069
1014
997
905
515
464
1077
540
1063
974
1079
748
1072
932
1012
613
1009
473
869
809
976
971
975
405
787
420
1068
458 442
1095
110
989
608
1039
392
1008
803
905
568
1025
712
1087
917
1022
777
995
148
1104
1053
861
272
843
655
668
490
1013
782
834
628
960
411
1093
640 33
1092
168
1096
907
1067
972
1048
957
1119
878
1032
382
1027
997
974
852
1120
932
1057
176
1058
627
1073
839
1091
822 324 159
1103
461
1135
744 496
1107
444
1117
873
949
826
1047
282
922
325
1070
876
1056
991
1076
1067
1140
655
856
782
1101
383
1118
768
1138
394
996
530
1141
647
961
825 577
1146
738
1137
972
1062
306
1147
347
1154
732
1164
794
1162
661
931
753
1127
1054
1052
779
1136
535
1125
655
1037
421
1041
973
879
829
1165
531
1159
944
1055
227
1157
1131
1123
588 445
1109
1098
1155
207
1130
565
1182
1118
1184
1087
1168
747 217
1066
950
1089
1036
1174
215
1179
578
1112
1094
1195
698
1106
410 203
902
704
1207
1188
1002
875
845
141
1188
987
1190
889
1186
1017
1191
333
1113
406
1153
1131
1215
829
1214
1191
1221
1021
1226
899 583
1152
396
728
710
1194
661
1217
333
1232
816 545
1124
644
1212
976
1203
872
1036
546
1115
1112
981
954
1209
210
1234
592
1036
889
1161
420
1233
81
1111
1051 1004
1173
228
1105
454
1224
957
873
131
1148
1139
1085
433
932
214
395
136
1229
549
1255
1173
1204
611
1180
1013
1196
775
1099
382
1133
959
1257
1109
1145
1098
1243
912
1268
504
953
776
1273
120
1269
535
1034
542
1274
1254
1264
807
1274
999
1183
932
1089
1066
1266
883
1178
855 245
1252
928
1060
260
1282
1046
1157
693
1150
405
1104
665
1263
1114
1228
1213
1289
1243
1023
654
1223
424 329
727
696
1148
165
965
432
1275
1033
1284
1224
1299
513
1112
824
1110
787
1210
406
1276
1126
1314
661
1291
453
1026
969
1246
1060
1280 956
1158
886
613
1199
678
1197
1174
1102
264
1023
798
1230
420
1126
723 522
1320
1008
1278
37
1323
1125
945
886
1177
927
1163
1126
1281
1145
1338
1331
1319
1044
1330
322
1242
852
1033
894
1213
1094
1285
869
1272
1083 133 8
1031
797
1339
278
1245
545
1029
661
1181
603
1262
1009
986 912
593
1327
946
1241
912
1128
1015
1181
0
1026
861
1331
1080
1086
397
1318
322
1358
196
1292
736 632
1327
389
1345
1325
1336
899 583
1333
1166
1350
916
1300
498
1198
1061
1367
951
1283
19
1355
950
1129
769 584
1374
790
1220
1096
1225
616
1354
1269
1017
775
1337
382
1338
1132
1325
846
1363
956
1359
1294
1373
1021
1379
1043
1381
1037
1323
1306
1385
313
1399
444
1272
1128
1334
962
1197
812
1166
991
1342
862
1301
1228
1403
1151 280
1114
862
1389
324 159
1270
587
1404
617
1405
957
1395
685
1397
447
1242
654
1418
1278
1408
1137
1413
1210
1016
212 159
1357
1295
1263
1028
968 739
820
1419
699
1364
1245
1257
1040
1352
1226
1298
619
1427
991
1411
1321
1206
1044
1420
874
1434
914
1429
1077
1417
1040
1251
360
1313
669
1208
996
1376
843
1219
688 49
1344
1305
1396
1080
1443
630
1341
1238
1441
914
1186
507 141
1333
1071 377
1445
1324
1436
1073
1442
748
1369
921
1365
406
1453
803
1444
974
1360 1076
1256
1393
1156
1423
1147
1442
1282
1193
724
1438
298
1361
987
1460
1346
1357
909
1468
393
1321
1238
1070
909
1378
682
1386
1224
1392
1069
1445
1199
1439
1278
1414
1295
1482
1015
1484
1363
1377
1297
1201
1096
1152
1060
1301
1203
1483
174
1421
1156
1433
115
1500
1416
1428
1016
1347
826
1305
833
1502
671
1346
418
1375
388
1478
832
1353
702 339
1390
789
1499
681
1504
911
1447
616
1388
1163
1495
150
1423
1012
1491
1194
1511
1029
1471
453
1480
925
1352
1250
1496
1343
1240
222
1463
981
1512
1481
1227
1178
1198
482
1497
1428
1514
730
1519
1176
1452
1179
1523
499
1252
1245
1529
322
1454
1062
1444
1265 1153
1477
1178
1516
1065
1406
433
1520
1292
1368
131
1520
1465
1498
619
1304
1172
1549
12
1456
693
1540
474
1544
1315 1149
1566
944
1149
1104
1568
1200 617
1550
1544
1235
717 532
1320
1176
1562
965
1391
708
601
273 220
1506
1294
1293
1056
1457
1318
1407 1340
145
1344
835
1192
1189
1577
1215
1587
410 203
1304
725
1517 1169
543
1543
1409
1564
1304
1569
179
1570
1277
1606
145
1319
1009
1607
1469
1593
109
1585
1404
1603
1334
1372
1194
1573
1368
1554
1383
1448
246
1145
943
1437
1365
1277
123
961
263
1424
1317
1524
1285
1598
874
1541
1518
1571 1110
1416
1526
1199
1302
1297
1621
1231 272
1637
1592
1617
212 159
1632
1255
1615
1469
1639
1498
1643
1371 1275
1641
627
1619
1277
1513
777
1624
1554
1247
969
1635
38
1572
1424
1648
1544
1553
1533
1629
77
1601
1560
1183
1169
1504
1479
1653
1490
1642
1156
1534
1250
1459
1056
1657
584
1493
1111
1612
1546
1474
543
1582
1429
1250
1022
1670
1489
1561
1158
1679
775
1578
947
1294
1206
1473
1364
1668
1362
1583
841
1546
1490
1650
1234
1684
465
1613
1466 1129
1396
1337
1651
480
1691
499
1452
1377
1665
769 584
1521
1293
1688
1251
1599
366
1685
1591
1677
1372
1640
1608
1559
822 324 159
1674
1463
1602
1450
1695
749
1633
399
1607
927
1575
1056
1472
1117
1696
1431 1341
1636
627
1709
489
1462
1208
1707
1369
1659
1538
1676 1446 786
1493
1716
964
1477
1382
1592
1582
1631
162
1690
1485
1647
1567
1715
1093
1718
837
1703
378
1706
276
1678
187
1734
1253 938
1713
1409
1580
474
1590
1172
1666
593
1496
1193
1579
1471
1708
1701
1674
1189
1749
1580
1750
1475
1747
1506
1673
1433
1752
433
1689
1590
1373
956
1210
837
1742
958
1522
1126
1698
1574
1768
1209
1767
1735
1596
1536 917
1757
1488 1393
1317
1072
1739
1580
1740
1193
1743
1281
1663
1454
1772
1321
1675
1627
1727
1671
1776
1068
1715
1489
1690
1108
1786
1708
1789
1558
1547
1220
1798
1312 998
1519
1108
1785
1115
1558
1388
1736
1720
1698
1668
1758
1142 401 22
1781
1377
1601
1086
1602
1561
1560
1173
1808
666
1815
1185 838 207
1773
1594
1807
950
1769
1459
1784
1562
1701
1362
1737
1647
1628
419
1818
940 795
1804
33
1728
1227
1794
973
1787
1493
1813
1608
1778
110
1821
1538
1782
1525
1669 1542
268
1751
172
1567
1512
1720
1681 1366
1844
1382
1847
1093
1659
1176
1810
1293
1841
297
1849
1192
1591
1556 1350
1736
1481
1705
1449
1832
1689
1572
1565
1709
1537
1702
1192
1859
1853
1862
1557 696
1766
303
1718
1563
1801
1707
1865
1598
1746
1059
1448
447
1689
1645
1837
1577
1826
1047
1783
1255
1872
767
1698
1366
1586
1359
1863
1537
1840
1464 1163
1774
1247
1724
1272
1792
1773
1895
1405
1852
1092
1793
1366
1890
1634 506
1867
969
1775
1758
1744
1213
1463
1076
1840
1770
1883
1511
1643
1535
1878
1702
1791
1362
1631
650
1876
402
1797
1750
1858
1251
1892
1645
1897
1420
1772
1465
1823
1402 831
1915
1731
1811
1626
1908
1221
1775
1615
1905
1630 1538
1853
499
1929
1563
1900
1129
1887
1786
1886
1855
1943
1302
1935
1688
1656
940 795
1947
969
1798
1609 860
1645
1476
1960
1427
1965
1553
1931
1823
1868
1837
1967
1158
1893
1284
1959
1888
1970
1054
1613
1533
1875
1054
1976
1451 1235
1896
424 329
1861
725
1991
1390
1904
1009
1889
1247
1992
1958
1866
1820
1880
1312 998
1754
1317
1594
1485
1851
1129
1865
1516
2004
1839
1779 1535
1379
2007
1850
1994
1843
1953
1596
1825
1221
1998
1525
1886
1822
1928
1820
1906
1642
1982
1459
1956
1040
1854
1659
1936
1852
1994
1863
1660 1190
1461
2021
1763
1988
1369
2020
1192
1969
1878
1898
1132
1937
1733
2025
1871 960
2016
1862
1938
1429
1984
1492 412 42
1850
1727
1961
969
2006
1843
2018
1918
1282
1041
1873
1522
1848
1357
1934 1902
789
1935
1924
1411
1084
1951
669
1813
1450
1940
1062
1986
1731
2008
1565
2029
1343
1814
1594
2038
1371 1275
2024
1801
1990
1748
1914
701
1944
1282
1870
1201
2037
869
1909
1705
1826
1745
2060
1159
2026
1956
2027
1713
1999
1740
1990
1950
1919
1706
1978
939
2039
1352
1576 1162
973
2004
1471
2080
1713
1839
1737
1650
235 55
2081
920
2047
2008
2087
1395
2074
1602
2089
1957
1888
972
1910
1109
2069
1928
2078
1714
1797
1322
2052
1247
2106
1108
2075
1953
2057
1521
2014
1784
2111
1768
1963
1881
2023
1475
1950
1475
2115
1873
2076
1579
2086
2052
2013
1230
2071
579
2058
1685
2113
1476
2116
1117
2085
1964
2075
2003
1928
1805
2083
506
1986
1627
1996
1461
2094
1940
1955
1450
2127
570
2147
702 339
1829
1512
2148
402
2099
1033
2125
108 35
2042 1500
1382
2145
1372
2153
1820
2054
1283
2134
2008
2164
181
2132
1692 1383
2015
1944
2172
879
2064
216 85
2137
2069
2070
2044
2099
1957
2149
1682 870 88
2178
1568
2155
2142
2091
150
2149
1735
2142
2014
2129
2075
2179
1138
2124
886
2176
1807
2180
1987
2150
2137
2185
1813
2107
1637
2196
797
2033
1714
2197
1473
2144
1985
2209
73
1819
1541
1964
973
2213
41
2212
1731
2166
1511
1705
1390
2222
1958
2224
1829
2151
1734
2005
1476
2182
1374
2226
1931
2217
2188
2161
1748
2036
569 381
2043
1728
2092
1113
2017
1156
2105
1313
1949
1132
1989
1518
1941
1144 1061
2237
1918
2100
1868
2239
2155
1822
1816
2117
1707
2162
1882
2242
2063
1882
1792
2177
1822
2156
2108
2215
603
2229
1866
2234
1899
2123
1675
2163
2060
2065
981
2173
1458
2171
2136
2130
1937
2228
2226
2174
1419
2261
1651
2221
1389
2223
1061
2245
464
2199
1855
2121
1972
2204
2129
2003
1963
1912 1243
711
2218
1653
2198
902
2101
1270
2267
1095
2238
784
2243
2114
2005
1986
2188
753
2160 2097
1899
2257
1591
2263
2257
2050
1673
2287
2110
2194
1984
2140
1666
2157
1033
2232 1739
2073
2246
2145
2175
1939 1910
2307 2121
2256
2308
1264
2258
1456
2231
1980 1419
2227
1938
2171
2054
2316
1478
2216
1909
2252
2156
1821
1748
2044
1461
2067 2022
1304
2211
2159
2314
2282 1907 1680
2141
1990
2333
1628
2330
1937
2262
1829
2324
1987
2031
1743
2230
590
2312
2117
2328
1876
2167
1985
2278
1725
2314
2092
2268
1361
2158 2119
2076
2310
1854
2019
1941
2352
1882
2336
2230
2348
2328
2227
2063
2354
2007
2300
2043
2321
789
2363
1908
2011 1842
973
1932
1754
2340
1336
2285 2186
2259 1543
2266
2089
2244
1893
2361
1397
2346
2278
2370
2279 1825
2187
2123
2301
2181 1640
2264
1428
2320
2161
1924
1887
2353
1792
2381
2130
2353
2291
2366
2269
2337
1765 1462
1626
1591
2394
2167
2367
1978
2284
1529
2183
2160 2097
2397
2024
2377
1355
2371
1487 1161
2280
1223
2376
2154
2303
1869 1725
2249
2018
2387
218
2315
2103
2396
931
2060
1763
2244
1458
2071
1958
2403
1448
2331
2033
2405 89
2311
2372
2269
2380 2084 1923
257
2399
1430 828 601
2404
2200 1443
2159
1588 842
2275
1984
2210
1640
2412
2280
2364
2093 2047
2338
2211
2407
1533
2378
1793
2410
2346
2335
1386
2406
2393
1843
1525
2421
2363
2416
1996
2422
2393
2417
925
1977
1240
2286
1489
2318
2278
1918
1490
2186
1830 1489
2404
2395
2386
2246
1974
1757
2390
1948 1376
2427
1922 243
2103
2021
2440
2180
2156
1735
2429
2315
2426
1915
2442
1621
2456
1899
2317
2188
2457
2455
2454
2324
2457
930
2438
2064
2366
2211
2465
1635
2458
2341
2371
2358
2444
2309
2436
1883
2471
2320
2447
1774
2002
1870
2435
2409
2446
2070
2458
583
2154
1816
2290
744 496
2425
1328 1054
2332
1263
2495
1776
2469
2058
2466
1206
2470
2031
2468
2422
2313
1458
2499
2296 2086
2500
2220 2144
2501
2039
2402
2317
2497
1626
2192 1875
2123
2189
1206
2421
2381
2507
1881
2323
1566
2365
1972
2450
2290
2355
1671
2180
1891
2506
2163
2474
2394
2527
2367
2513
1850
1930
1734
2486
2177
2389 2216
2109 1976
2474
1456
2132
2114
2538
2453
2552
2372
2528
1669 1542
2243
2203
2275
2243
2555
2301
2536
1735
2541
1776
2516
2481
2519
1461
2524
2323
2561
2553
2566
2368 1433
2477 2077
2375
2558 1671
2520
2498
2354
2473
2029
2560
2551
2453
1889
2579
2410
2485
2459
2561
1322
2487
2070
2484 2011 1842
2139 1788 1733
2540
2210
2587
2577
2516
2335
2590
23 8
2522
2309
2390
1528 1135
2463
1796 489
2591
1228
2574
1744
2395
2355
2461
2178
2605
2603
2606
2100
2526
1384 1191
2592
2554
2483
2070
2508
2318
2549
2532
2582
2454
2521
979
2530
1720
2605
357
2578
1627
2622
1212
2612
2429
2479
1987
2435
2155
2627
1127
2607
1672 1624
2557
988
2365
2355
2589
1551 1458
2594
1626
2439
1447
2596
1235
2459
1882
2611
921
2652
1757
2517
2499
2504
1343
2523
2445
2648
1188
2624
1444
2496
2448
2663
2568 2544 1417
2658
2194
2118
1891
2655
2439
2656
2103
2669
2643
2647
2335
2570
1883
2679
2445
2550 2441 1334
2439
2650
2228
2678
2444
2638
715 106
2651
2452
2684
1656
2673
1943
2576
1241
2552
955 183
2641
2522
2689
2082 1566
2690
2440
2604
1974
2700
2644 1686 1209
2654
1114
2592
958
2677
2604
2702
2234
2706
2077
2700
2667
2400
2100
2713
2315
2710
1856 1607
2715
1857 955 183
2445
2398
2716
1948 1376
2703
2461
2701
2384 2330
2682
2406
2718
2159
2724
2485
2725
2512
2577
2445
2720
2640
2384 2330
2369
2587
2151
2708
2548 2183
2665
2252
2612
2601
2739
2287
2704
2056 1449
2621
2452
2615
1626
2525
1054
2697
2517
2744
2728
2697
2660
2690
2651
2733
2525
2652
1622 708
2693
1922 243
2749
2529 2486
2707
1730 1526
2682
2674
2756
2427
2698
2503 2290
2496
1767
2757
1942 804
2777
2645
2778
2362 1343
2777
2728
2788
979
2756
2019
2776
2212
2743
1035
2755
2478 1991
2792
1192
2477 2077
1489
2391
1459
2748
2555
2785
1938
2811
2711
2749
2468
2803
1722 1648
2420
1749
2691
1810
2810
2494 2255 1811
2696
1383
2819
2185
2801
2695 2416
2823
2822
2794
2725
2821
2660
2829
1164
2626
2003
2793
2582
2821
2811
2843
2615
2597
2445
2831
2461
2796
1068
2847
2165 2002
2761
1291
2640
2482 1959
2833
2641
2560
2024
2844
2286
2790
1054
2854
2118
2816
2745
2827
2528
2832
1188
2602
2448
2837
2125
2862
2770 2686
2833
2643
2846
2628 2113
2870
2812
2711
2597
2686
2420
2748
2708
2851
2546 1890
2875
2023
2754
2746
2841 2724
2793
2620
1663
2856
2447
2787
2620
2859
2249
2883
830
2830
2823
2882
2773 2703
2884
2702
2889
2802
2886
1354
2869
2799
2873
2576
2890
2326 2110
2878
2871
2799
2621
2843
2798
2850
1627
2868
2513
2889
2737
2896
2536
2836
2479
2891
2872
2309
1899
2898
2746
2874
1055
2916
2187
2795
2471
2917
2313
2899
2013
2855
2136
2869
2852
2920
2903
2803
2780
2583 2433
2462
2878
2737
2935
2830
2819
2735
2944
2016
2732
2597
2927
2926
2931
2794
2914
2913 2512
2897
2810
2947 2910
1496
2957
2653 2518 2033
2930
2451 2126 2078
2950
609
2932
1818
2980
817
2918
2895 2870
2953
2897
2984
1884 1581 281 125
2970
2851
2848
2642 2302 1794
2736 2508
2551
2914
2538
2988
2524
2778
2225 2173
2982
2816
2990
2244
2938
2645
3005
2737
3000
47
2993
1002
2986
2890
2901
2645
2784
2601
2955
2616 2375
3013
2754
3008
2766
2966
2462
3018
2753 2430 715 106
2661
2452
2907
2852
2948
2800 2720
3023
2739
2954
2911
2981
2745
2939
2856
2921
1590
3024
1437
3027
2500
3032
2779
2977
658
3011
2774 2204
2918
2344 1545 596
3037
2601
3046
2911
3039
1655 1084
3049
2776
3043
2625 1223
3042
2779
3047
2714 2082 1566
3028
1976
3052
2904 2862
2820
1669 1542
3006
1758
3068
2817
3071
1551 1458
3055 3009
2907
3048
2752 2106
2568 2544 1417
2108
3082
3023
3085
2400
3014
2817
3086
2707
3084
2885 2760 2199
3088
1810
3052
2817
3025 2962
1553
3041
2661
3090
3051
3096
2935
2827
1188
3100
3014
3098
3081
3094
1189
2852
2331
3092
1512
3072
2324
3100
2987 2872
3115
2483
3056
129
3116
2701
2766
2735
3084
3007 2475 2049 1782
3119
2845 2348
3117
2931
3029
2927
3098
3064
2744
2303
3110
2956 2790
3099
2978
3136
3132
2975
2816
3048
3047
3087 3053 2857
2908 2581 1268
3106
2266
3056
2954
2802
2583 2433
2888
2784
3143
3046
3103
1496
3031
3022 2926
3144
1765 1462
3148
997
2986
2018
3147
2953
3141
2784
3156
3128 2912 2506
3168
2495
3110
3040
3137
2204
3170
4
3150
2981
3153
2784
3171
3081
3178
1035
3097
3061
3075
1033
3123
3064
3163
3090
3175
3011
3026 2820
3004
3174
3051
3180
2660
3179
3004
3197
3027
3191
2943 2857
3201
1802 1108
3207
2896
3189
3182
3151
3139
3186 3059
3076
3173
3105
3134 2822
3010 3002
3139
2888
3213
3081
3182
2996
3221
2619 2391
3210
3055 3009
3227
2986
3042
2812
3224
2957
3086
3076
3228
3220
3237
3095
3230
3189
3211
3099
2978
2627
3239
2481
3235
2741 2634 2561
3167
2970
3173
3132
3240
2898
3246
565
3174
2766
2981
2093 2047
2866
2822
3241
1312 998
3254
3105
3255
3224
3255
3155 2460 1610 1249 582
3240
2866
3256
2888
3236
3213
3204
2409
3216
3105
3049
3033 2925 2556 1805
3250
2892 2189
3258
3157 2881 2549
3162 2579
3102 3020 2804 2017
3228
3191
3104
3031
3115
3106
3270
3265
3069
2886
3135
2150
2948
2087
3265
3163
3291
3282 3203
3244 3226
2903
3297
3022 2926
3300
3082
3272
2322 2170 1124
3290
2880 2386
3277
3266
3252
3171
3276
3230
3305
3147
3248
2911
3294
3172 2763 2674
3311
2118
3317
3130
3309
2914
3209
3104
3274
3266
3251
3144
3112
2263
3274
3010 3002
3316
3097
3327
3294
3307
1955
3320
3302
3347
2875
3292
1964
3097
1456
3289
2901
3283
2710
3216
3169 3017 2718
3354
3244 3226
3342
3016 2767 1541
3350
3268
3282 3203
3177
3356
2005
3365
3363
3300
1035
3360
3210
3361
3226
3373
3259 3153
3348
2526
3277
3263
3384
3144
3308
2751 2580 1995 1206
3388
3129 2894 2786 2678
3377
2920
3372
3276
3362
2868
3390
3308
3393
3263
3355
3315
3380
3270
3405
3327
3396
3317
3385
3268
3409
3386
3400
1861
3412
3141
3322
3285
3425
2530
3370
2713
3415
3372
3285
1712 919 861
3351
3239
3396
3343 3324 3029
3414
3258
3311
3104
3435
3339
3435
3424
3431
3399
3399
2023
3329
2871
3405
3380
3450
3123
3422
3231 2828 2493 2449 2248 1392
3440
3426
3456
3013
3446
3422
3420
2724
3464
3298 3206 2622
3468
3326 3253 2938
3407
2118
3474
3187 2849 2303
3481
3350
3457 3181 2963 2436
3455
3477
3337 3215 2975
3461
1101
3410
3289
3463
3369 2942 2388 2058
3487
3439
3485
3408
3386
2982
3483 2801
3440
3496
3484
3481
3302
3331
3008
3484
2203
3507
2661
3464
2932
3387 3315
3225 2796
3506
3133 2521
3473 3408
3469
3476
2197
3524
3361
3498
2996
3491
3320
3511
3365
3529
2466
3534
3385
3527
2440
3404
3302
3492
3491
3510
3485
3533
456
3522
3382
3536
3130
3542
3302
3523
3130
3549
3448 3363
3471 3112
3325
3522
2636 2329 1819
3559
3303 3096
3535
3530
3521
2276 1018
3550
3498
3555
3135
3556
3544
3433 3135
3342
3551
3546
3508
3373
3573 3450
3547
3497
2482 1959
3554
2327 2105
3585
3530
3571
38
3586
3560 3293 3038 2818 2471
3574
3415
3556
3549
3279 3266
2549
3530
2512
3592
3325
3544
3331
3602
3474
3439
2779
3574
3130
3528
3382
3492
2866
3595
2436
3469
3430 3021 2540
3594
3535
3604
3550
3609
3434
3617
3528
3573 3450
1968 1566
3623
3459 3233 2619 2391
3589
3142 3005
3578 3434
3249 2929 1965
3629
3551
3612
1036
3633
2692 2400
3631
2391
3636
3586
3470
3434
3584
2476 2297 1732 950
3627
3512 3359 3319
3635
2509 2284
3648
2882
3575
3095
3650
1769
3319
1573
3656
3655
3655
3617
3646
3385
3670
3649
3657 3539 3305
3628 3589
3671
3582 3426
3667
3362
3645
2532
3678
3239
3435
3230
3671
3651 3637
3676
3637
3697
3591 3358 3202 3111 2988
3694 3559
3680 3616 3557 3546
3703
3644
3696 3689
2420
3675
3655
3706
2151
3685
3317
3679
3132
3708
2622
3717
1533
3649
3634 3322
3728
3477
3726
3644
3723
1499
3664
2999 2955
3724
3291
3740
3132
3748
2829
3739
3304 3054 1894 1196
3724
1358
3702
3428
3753
2448
3760
3711 3600 3392 2906 2497
3767
3434
3751
3688 3533
3736
3456
3779
3770
3735
3598 3175
3746
3479 3339
3786
3583 3414
3789
3703
3768
3722 3714
3801
3767
3805
3760
3796
3735
3806
2476 2297 1732 950
3811
3802 3721 3629
3818
3131 2351 644
3826
3747 3652 3465 3107 2779
3819
3772
3785
3670
3814
3752 3712 3646
3808 3727 3675
3779
3829
1981 1705
3820 3601 3371 2443 1363
3811
3792 3603 2966
3789
3801
3800
3843
3751
3813
3722 3714
3828
3800
3859
3805
3780 3771
3595
3841
3301 2903
3782
3479 3339
3793 3772
3702
3865
3786
3866 3853
3861
3864
2000 1500
3845
3766 3665 3598 3175
3873
3856
3873
3849
3871
3037
3849
3848
3851
781 75
3890
3856
3879
3851
3894
3853
3722 3714
2071
3903
1619
3868
1549
3816
2982
3894
3868
3911
3838 3742 3669 3511
3915
3479 3339
3869
2695 2416
3921
3913
3925
3771
3926
3913
3927
3697
3922
2321
3926
3813
3924
3890
3935
3869
3848
3782
3872
3604
3933
2266
3947
2746
3945
3927
3950
3912 3865
3949
3945
3956
3635
3960
3922
3968
3885 3809 3719 3513 2909 2456
3973
3972
3965
3848
3970
3726
3968
3964
3974
3633
3977
3960
3979
3515 3330 3237
3985
3892 3065 2565 1612
3940 3890
3819
3994
3794 3113 2871
3996
696
3999
3982 3925
3972
2674
4001
3990 3917 3826
3989
2476 2297 1732 950
4010
4001
4015
3993 3822 3280 1998
4007 4005
3816
4021
3852 3576 3252
4004
2846
4019
3997 3961 3887 3756 3625 3437 3329
3986
3972
4025
3986
4036 4023
3150
4038
4025
4039
3924
4030
4021
4050
3941 3640 3627
4054 4051
3739
4059 4041
2893 1651
4013
2789 908 733 353
4060
3495 2900 2035 1989
4066
1597 1155
4074
3022 2926
4081
4068
4027
4015
4083
4039
4079
1597 1155
4092 4048
3236
4083
3979
4077 4063
2888
4105
707
4094 4093
3884 3720 3604
4095 4080
3910 3555
4110
837
4081
3702
4087
3725 2627
4121
4055 4003 3896 3783 3207
4125
4106 4096
4096
3491
4117
2605
4113
3586
4071
4068
4135
3976 3915
4142
3524
4147
3994
4150
2206 2152 1889
4133 3932 3698 3312 3114 2882
4111
4154
3025 2962
4168
2668 1751
4182
4111
4182
4177
4175 4045 3841
4092 4048
4197
3611 2976 1545 596
4208
4183 4057 3390
4209
4168
4203
3926
4212
4126 4117
4215 4207
2584 721
4220
4045 3841
4224
4207
4226
4224
4232
3952 3909 3794 3113 2871
143
114
73
25
119
6
188
127
316 104 1
74
263
4
231
45
169
111
172
128
270
144
269
124
385
63
366
50
403
103
200
189
205
68
261
52
526
417
215
197
295
156
306
204
331
54
370
63
379
85
466
281 125
267
199
498
14
268
109
167
22
518
120
271
152
373
150
312
36
347
96
480
460
767
121
407
155
701
652
414
181
294
157 62
489
2
761
329
609
427
558
272
478 388
298
362
62
414
62
244
101
569 381
390
657
208
381
264
740
343
290
93
309
125
810
241
784
752
692
651
683
425
570
454
833
441
945
514
858
182
859
25
239
226
825 577
425
736 632
452
548
540
984 560
943
441
419
410 203
187
963
448
455
170
491
129
536
479
954
37
731 691
602
636
198
940 795
532
416
373
1004
816 545
454
93
537 84
319
1097 471
312
684
110
1137
1076
599 375 84
21
327
285
597
206
871
21
619
268
1022
422 355
723 522
276
723 522
271
830
479
699
392
915
623
494
276
794
416
1214
617
747 217
470
573
566
587
298
737
549
747 217
62
770
279
542
428
522
306
799
349
603
299
732
652
949
289
939
631
691
510
714
329
889
746
1027
568
731 691
445
1204
8
930
478 388
1020
834
691
138
602
92
985 958
930
1370 953
17
644
232
1034
776
1032
782
941
342
1197
35
1241
842
1398 1150
917
1413
1113
1385
121
1300
379
1072
222
1062
965
1230
713
1180
1099
751
246
1025
292
707
568
1164
1057
1057
381
1415 820
739
910
776
737
642
1001
13
959
766
1060
713
1208
820
1186
504
1344
970
1325
422 355
1128
681
864
335
910
414
1070
194
975
490
1052
681
1246
758
1168
1052
1583
1172
1584 1456
447
1001
508
1014
751
1414
909
1500
1110
1716
1222 370
1229
1199
1711 612 499
1691
926
514
1441
780
1342
299
849
665
1570
114
1407 1340
1348 805
1020
1001
1502
58
742
516
1052
975
1493
1165
1636
624
868 501
791
945
677
1103
875
1002
941
1678
1587
1678
203
706
656
1204
342
1274
159
1479
814
1315 1149
1053
1086
949
1114
941
1340
805
1438
866
1799 125
466
1579
1291
1460
1168
1619
487
1439
384
1023
852
1692 1383
1661 1554
993
483
1530 477
1381
1259 961
56 11 2
1451 1235
541
1346
1052
1596
1150
1353
974
1578
1099
1838 1703
329
1133
881
1651
513
1573
233
559
505 334 221
1146
361 226
1549
330
1139
827
1542
1347
1392
395
668
539
926
544
1183
543
1342
668
1472
921
827
98
1024
827
1674
1256
1299
1026
1340
600
1480
1273
859
516
1031
589
1631
1560
1233
759
1345
1022
1169
978 543
1720
1574
1183
560
1364
1240
1599
190 136
1514
1498
1118
361 226
1324
1219
588 445
380
862
764
1904
1747
1575
1521
1563
1210
1524
1414
1146
1123
1785
682
742
27
1473
1120
683
11 2
1257
359
1785
1225
1766
1152
2012 1660 1190
1531 1461
1766
1246
1870
1547
1487 1161
1110
1245
560
1902
885
1852
1297
1815
377
1514
380
1067
954
1919
805
1967
1450
1462
968 739
1254
1091
1091
999
1529
1424
2115
1388
1514
1123
1961
1889
1534
799
2153
2069
1137
981
1765 1462
739
1765 1462
463
1487 1161
334 221
1844
1728
1969
1256
1470 705
405
2213
783
1263
299
2054
1540
1146
619
1571 1110
1161
1560
1347
1731
1675
1457
1417
1754
1473
1783
1298
1945 1262
1044
2221
318 212 159
2270 2215
497
2094
580
2116
894
2056 1449
1981 1705
2094
522
1936
1452
2073
1102
2283 2083
1019
2026
1910
1793
1362
2015
748
1929
1406
1578
774 585
1099
585
1790 1180
1266
1859
1711 612 499
1765 1462
667
2263
1685
1784
722
2273 2140
842
2089
562
1535
1047
2076
1839
1905
1479
2308
255
1888
1357
1306
1177
1487 1161
1416
1497
875
1848
812
2157
2116
2136
1540
2162
1814
2140
1588 842
1921 1041
1046
2164
783
2105
1113
1953
1881
2022
1689
2067 2022
1476
1748
1322
2171
1753 1742
2336
788 590
1745
1275
2168 1982
1815
2056 1449
789
2288 1872
2267
1964
1842
1331
782
1924
949
1034
975
2458
2340
2174
1924
2386
2342 1677
2311
92
2242
2107
2252
1767
2031
978 543
2387
1439
2085
1282
1873
1746
2233 646
1131
1746
1680
2085
1213
1964
1046
2136
1580
2165 2002
1547
2321
1449
2249
1490
2262
1647
2424 618
1061
2394
2258
1103
1091
2174
1347
1934 1902
1449
599 375 84
311
2503 2290
496
1848
972
1931
1848
1537
683
2608 2407
1613
1964
1228
2417
869
1811
1350
1696
1680
1302
926
2332
2264
2573 1559
1254
2361
246
2463
1724
2685 2264
1497
2119
1737
2694 2544 1417
2663
2456
2097
2376
1886
2616 2375
2077
2056 1449
1902
2527
554
2226
1295
2226
972
2095 1930
1206
1863
724
2199
2154
2611
2312
2202 1763
1159
2450
64
1241
1217
2454
2118
2073
1853
2365
1727
2343 1476
2022
2037
1403
2654
888
2595 1977
2284
2679
2587
2231
1887
1730 1526
1032
2228
1137
2637 2122 2101
2247 2222
2179
1954 436
2650
972
2036
1697 1248 502
2443 1363
1021
2402
426
2203
2194
1349 311
356
2642 2302 1794
1842
2095 1930
1945 1262
2219 1930
2151
1856 1607
224
1055
986 912
2409
2239
2548 2183
2097
2398
2219 1930
2219 1930
1044
2684
795
2684
532
2829
487
2626
2217
1711 612 499
1192
2796
638 272
2209
2014
2551
2397
2358
1517 1169
2524
944
2041 1515 204
1668
2166
1921 1041
2348
1520
2448
2108
1904
1148
1923
551
1132
734 463
2695 2416
1531 1461
2482 1959
1295
2755
2216
1972
1850
2163
2103
2922 1633
1496
2683 1829
1481
2691
2391
2787
2143 1663
2950
355
2557
1977
2837
1931
2696
2114
2599 2350 1195
429 73
2693
1941
2871
2802
2780
1648
2873
2831
2370
1484
2665
870 88
2309
2097
2620
1940
2620
2014
2620
722
2692 2400
1868
1696
1558
1897
1770
2602
2156
2282 1907 1680
1425 1084
2282 1907 1680
1508 1431 1341
2184 2036
1760 1697 1248 502
1800 773
1726 1400 719
2666 2358
1382
2879 2428 1868
2400
2998 1804
217
2470
2050
2846
2187
2785
1468
2956 2790
1127
1881
1073
2827
1542
2673
1974
2797 2024
2736 2508
2993
848
2993
2743
2848
804
2916
2525
2182
1743
2355
990 81
2396
1963
3028
2596
2599 2350 1195
2401 1310 680
2966
2433
2874
2269
2848
2139 1788 1733
2917
2173
3161 2847
2002
2526
2269
3026 2820
826
3026 2820
1542
2378
2241 784
2641
2548 2183
3152 2607
1624
3193 1084
3039
2369
582
2864 2096 1391
2413 2127
2851
1426 828 601
3119
1623 1321
2475 2049 1782
2006
2985 1745
2560
2820
1783
2077
1715
3119
1465
2709 2365
1095
2551
1745
2615
1685
2857
2581 1268
2833
2708
2669
2555
2715
1384 1191
2868
2256
2616 2375
2286
3170
457 263
2683 1829
2316
3004
2528
2686
2171
2621
2293 2078
2409
2076
2859
2565 1612
2300
2050
3161 2847
1220
3002
2823
3170
2215
3278 1410 716
1628
2623 1385
2256
2307 2121
767
2623 1385
2121
3103
2917
2983 2639 2019
1693 1198
2895 2870
1545 596
2520
2404
2869
2661
3028
2755
3236
3098
3073 2948
2490 2240 2087
3234 2975
2745
3006
1268
2025
1495
2818 2471
1905
2591
2381
3306 3174
2735
3226
2920
2515 714
2209
2370
1094
3183 3167
1426 828 601
3167
962
2706
2259 1543
3336 3246
2379 1130
3086
765 667
2733
2627
2666 2358
1474
2623 1385
2498
2834 1425 1084
1680
2989 2962
2542 1553
3338 2519
1531 1461
3094
503
3021 2540
2766
2644 1686 1209
2390
2694 2544 1417
2156
3009
2331
2969 1948 1376
2698
3179
2951 2832
3323 3204
2435
3169 3017 2718
2140
3032
2895 2870
3127 2558 1671
2200 1443
2135 348
822 324 159
523
31
2409
2280
2984
122
3056
1871 960
3367 3254
3136
3085
2562 2143 1663
3076
2337
3214 2899
2371
3202 3111 2988
2103
744 496
469 7
2593 1528 1135
2111
3094
1691
3340 2704
1000
2702
2678
3318 3219 3177
3203
2572 498
2317
3038 2818 2471
1504
3488 3309
2538
3248
1039
3220
688 49
3538 3290
2246
3461
2437 996
3099
1127
3269 3069
1785
3187 2849 2303
2645
3406 2688 2027
2706
3447 2635 2473
1999
3322
2052
3406 2688 2027
1543
2780
1692 1383
3248
2125
3143
1860 784
3315
2133 1820
3344 3257 2761
2411 2409
3344 3257 2761
3204
3030 2872
2213
3503 3364 3035 2240 2087
2800 2720
3307
2015
3249 2929 1965
2989 2962
3420
3205 2353
3420
2291
3499 2442
919 861
3112
2798
2979 2053 1139
1412 574 219
2613 2510 1361
757 314
3370
3353 3151
3260 2955
2844
2761
2280
3499 2442
1026
3571
1397
3325
3147
2984
2946 2670 2256
3331
3163
2585 1925 1170 745 505 334 221
2051 1359
2978
2956 2790
2339 1208
1532 700
3476
3374 3352 3214 2899
3097
2828 2493 2449 2248 1392
3099
3040
2278
2009 282
3384
1142 401 22
3283
3251
3349 3222 1955
2630 2464 2015
3326 3253 2938
3217 3067 2677
3387 3315
1928
2667
1833 845
3338 2519
2801
3344 3257 2761
2428 1868
3656
3643 3617
3414
3393
3662 3562 3304 3054 1894 1196
3054 1894 1196
3162 2579
2645
3263
2881 2549
3347
3297
3547
1566
3069
2370
3061
2248 1392
2787
2692 2400
3209
2459
3610 3497
2640
3070 2844
2955
3399
2459
3431
2352
3471 3112
2469
3552 3188 2997 2860 1885 1586
1925 1170 745 505 334 221
3588 1828 1038 176
3571
3164 2730 1617
2977
3070 2844
2891
3473 3408
3008
3586
911
3587 3490 3158 3046
3425
3439
2812
3408
3331
3461
2710
3471 3112
2953
3162 2579
2928 2308
3723
1083 133 8
3386
2134
3251
3059
3043
2812
3388
2884
2796
2556 1805
3191
401 22
3423 2928 2308
3416 3185 2502 1906
3228
3059
3612
2483
3466 3447 2635 2473
2940 2507
3010 3002
2532
3447 2635 2473
1015
3521
3436 2937 2148
3708
2932
3424
3372
3264 2506
2440
3468
3067 2677
2056 1449
1470 705
3683 2629 1244 125
3667
3345 3238 2944
3018
3431
3209
3409
2284
3679
3525 3412
3376 3313 3116
3360
3723
2717 1804
3689
2686
3049
2442
3685
3415
3421 3316
3398 2884
3778 3768
3714
3696 3689
2374 2203
2506
2324
3503 3364 3035 2240 2087
2650
3424
3310 3182
3636
3623
3523
3242 2662 1891
2861 1207
2632 2114
3123
3047
3064
3048
3252
3201
3127 2558 1671
1505 1140
3796
3175
3821 3725 2627
2978
3068
2607
2543 948
2298 1849
3037
2505 1714
3844 2527
44
3470
3282 3203
3844 2527
351 84
3609
3177
3800
3470
3651 3637
3275 3066 2863 2229
3449 3146 2532
3404
3627
563
3818
3614 3079 2176
3770
3024
3716 2491 61
3667
2399
2283 2083
3484
1605 1050 228
3710 3510
3380
3888 3753
3145 2448
3420
1555 1159
3782
2996
3798 3746
3782
3843
505 334 221
3879
400 12
3844 2527
2815 590
3156
2930
3340 2704
2993
3886 3672 3000
3741 3584
3816
2975
2597
1119
3538 3290
2369
3727 3675
3495 2900 2035 1989
3853
1266
3931 3923 2675 2487
3810 1874 232
3897 3868
3879
3839 3715 3594
3091 2931
3511
2763 2674
3620 3607 2373 1672 1624
3260 2955
2868
2593 1528 1135
3933
3614 3079 2176
3926
3768
3552 3188 2997 2860 1885 1586
3543 1932
3814
3645
1991
362
3822 3280 1998
399
3590 2505 1714
3373
3928 3835 3660 2467 756
1381
3967 2414 821
1958
3777 3092
2417
3828
3472 2431 1198
717 532
662 14
4000 3876 3813
3714
3972
2537 2406
3605 2739
3332 2236 1000
3977
2704
3456
3132
3953 3702
3453 3428
3749 3653 3367 3254
1780 1136
4014 2408 1683 1606
3974
4012 3987 3915
3339
3928 3835 3660 2467 756
1097 471
2356 2122 2101
2222
3165 1656
2686
3877 3718 3080 1548 317
781 75
3889 3872
3848
3991 2902 1119
2811
2695 2416
2660
3942 3861
3928 3835 3660 2467 756
4028 2382 1971 852
4020 3748
4028 2382 1971 852
2974 1057
3965
3872
4040 3741 3584
2383 1732 950
3975 3851
3877 3718 3080 1548 317
3929 3584
3672 3000
3030 2872
2684
3670
3426
4023
2093 2047
4045 3841
3354
1934 1902
1342
4047 3717
1553
3774 3348
3069
1978
1906
3675
805
3949
3153
3954 886
2983 2639 2019
3949
3920 3762 3531 3013
4059 4041
3759 3285
3895 3775 3272
3785
3660 2467 756
2807 2062 963
2527
590
4021
814
3676
3066 2863 2229
4031 4025
2468
3709 3692 3507
3599 3218 2880 2386
3972
3905 3769 3710 3510
4069 4004
2921
3884 3720 3604
3797 3060 2876 2734 2462
3683 2629 1244 125
2491 61
4050
1646 1192
4038
3678
3989
1604 686
4015
2135 348
4047 3717
3383 1973 464
4034 3839 3715 3594
2093 2047
3845
2749
4093
3952 3909 3794 3113 2871
3911
3845
4018 3955 3553 2813 2780
3969 3854 3664
3862 3836 3728
3773 3441 3159 2523
3721 3629
3194 2366
3767
1973 464
3967 2414 821
2554
4073 1121 528
2252
4039
3772
3958 1502
1989
4060
3024
3508
3132
3985
3977
3839 3715 3594
3234 2975
3888 3753
3839 3715 3594
3124 2791 1695
2983 2639 2019
4063
3590 2505 1714
4077 4063
2505 1714
3903
2500
4109 3989
3754 3045 2835 2230
3827 1090 789
2259 1543
4030
1597 1155
3796
2973 1816
4068
3428
4075 1895
1358
4053 2965 1741 1699 902
2037
3935
3791 3335 2426
4136 3555
4095 4080
4063
3944 3151
3952 3909 3794 3113 2871
3884 3720 3604
4048
3573 3450
3569 3432 3250
3442 3091 2931
3776 1308 1082 795
379
4107 1679
4051
4139 4110
1845 837
4053 2965 1741 1699 902
1172
4115 4070 4033 3984 3916 3682 3518 3467 3235
3668 3661 3631
3999
2497
3925
3600 3392 2906 2497
3953 3702
3575
4100 4027
2135 348
3351
2376
4076 3938 3561 3410
3992 3908 3765 3602
3282 3203
1405
4075 1895
3177
4135
3924
4146 4142
3377
4121
4114 4082 4043 3918 3843
4027
3834 3178
4128 4087
3499 2442
4073 1121 528
1956
4131 4108 3745 2345 608
296 104 1
4131 4108 3745 2345 608
3963 3196 2723 2657 1898
4001
3147
4133 3932 3698 3312 3114 2882
4067 3864
4145 3487
2761
4129 4086 3575
4099 4084 4081
3777 3092
3674 2198
4154
3921
4156 3662 3562 3304 3054 1894 1196
443
3528
2380 2084 1923
3821 3725 2627
3816
4154
3876 3813
3999
3983 3966 3964
3846 3567 3267 3027
3805
3463
3455
3738 3470
1332 243
4174 2939
2725
4169 3754 3045 2835 2230
1807
3957 3693 3542
3212 1211 593
3932 3698 3312 3114 2882
3864
4185 4132 4125
4166 4125
4179 4104 4013
733 353
4173 4071
3787 3666 3428
3736
3508
4049 3815 3705 3534
2503 2290
4169 3754 3045 2835 2230
1006 376
4191 2415 1122 115
2566
4078 3666 3428
2966
4176 4120 3494 2775 2208 1713
2573 1559
4097 4049 3815 3705 3534
4054 4051
4194 4147
3329
3779
3427 3024
4177
855 245
3926
3025 2962
4161 4046 3840 3318 3219 3177
3937 3921
3333 2850
2263
3446
3388
4198 4157 3685
3154 3022 2926
4001
3799 3726
4197
3032
4124 3833 3338 2519
2263
4040 3741 3584
2439
4154
3678
3972
2923 1043
4208
4181 493 240
3480 1392
3319
4197
4148 4122 3824 3726
3612
2309
3706
3334 2377
4151 4119 4017 3478 2765 1029
3604
4019
4010
4221 4212
4213 2590
4220
3370
4224
3967 2414 821
4229 3967 2414 821
4226
4133 3932 3698 3312 3114 2882
3944 3151
3965
3797 3060 2876 2734 2462
4194 4147
3763 3517 3229 3040
4215 4207
4203
3355
3135
4234 4203
4207
3506
2791 1695
4238 4232
3994
4239 2414 821
3394 3359 3319
4239 2414 821
3778 3768
4201 4196 4193 4111
4192 2920
4238 4232
4146 4142
4244 4235 4209
4043 3918 3843
4244 4235 4209
3520 3390
4247 4107 1679
3053 2857
