36.78949463046414
40.57842889137773
42.581367314175516
32.4378521743302
46.85972496468749
46.20914467337417
63.849822525892975
39.58026299724829
31.701266190689772
29.871299700519426
30.03084927350143
61.17700256983243
56.147512486544436
31.55094160883514
28.653185691296017
53.23397952150152
32.55584234591509
40.92754394672063
33.49994619993287
40.81293644287523
25.018213516499483
43.503833450193916
47.375127774638564
44.121997630153096
43.56161055269542
45.93261270940698
60.73649063653024
27.23637769750436
46.29394552384031
40.97121254176389
23.96978504436104
60.28759116459823
44.793102033992874
28.622005761975064
36.90786630400102
36.12536414888341
35.77837759234175
27.548180434076915
43.49678709343823
39.26684189609393
59.6482149133139
26.036889779906428
39.67485242915786
35.271820214213285
61.863155959793765
27.283695931942322
26.4610907361855
31.652987954196156
42.11495867819079
62.069796562536766
31.45024872871847
32.92275872940154
31.7622607623196
45.12900869729673
33.46918623686307
30.00757202084915
60.98652426106097
36.114469466577695
119.52943188075342
30.288456658896234
55.92314110823241
42.32301171020754
58.52167386447304
31.92462576401549
32.40747508573887
34.19076356243346
80.64663369489715
62.061094617098206
65.08210036613228
40.582720964465786
42.919678363529854
105.26994949596057
43.21220143499167
28.415442595057375
30.615131472012088
62.016405171133016
33.21384129309883
34.15693022151013
39.153826192287774
86.38499947383019
65.99685963817087
58.93916262489993
37.060312822320306
31.634181984412518
80.66377095396129
70.85323357537652
54.96516920145205
35.214785561178516
39.18703317728925
39.37042773831783
53.21251107391907
57.626714138338286
56.40076203467056
31.047611929850294
40.83202761009991
41.8192796424749
47.722292182278224
61.302699633000614
47.39071524456854
37.677264040019075
36.69936444518338
41.90463307436981
39.69576283091027
40.759279602038916
36.52038684042715
62.02687270005841
39.83878226466244
34.27829504803667
61.92571611497772
32.48228095748132
42.21343515466125
54.14129385654809
39.92670074595035
61.1459410407491
39.458026969037064
43.1274354631402
40.976398055492794
35.88880145400306
50.619258121918286
35.5758035624913
48.6667958642894
54.59942896597731
43.17426491631749
39.85982637485036
38.834098040705975
39.432632698428264
45.11866329253077
43.27042479230717
44.36375531661677
39.77438141431621
44.25682710917814
53.184332250190465
31.68278099469137
42.63422713377853
36.37261931697022
32.10418646425952
29.406400379438008
40.609825234138334
43.3726252512336
28.630865858621668
51.204658782898974
45.09819548696858
33.00031980794517
62.31652262857587
32.56806316023649
47.004739509867576
49.035345736270905
62.160858411761964
33.55084111648354
45.43383558938795
48.226767519650366
44.56231081585894
35.33066199477853
49.640908708708224
61.277641325879515
51.3843326323744
51.18614790115276
33.47971008415724
50.56917699649475
42.88422470707449
32.80523829060119
35.458799059248435
40.384504986337326
51.9931136953228
41.32717171512297
41.81334010047176
38.28725940528103
36.69858893859702
39.918361585810686
53.62657372315197
43.054731326600994
41.482891096634795
41.5762122736993
54.37536672940764
34.223624486675476
40.121048106511296
44.32861667149334
43.83597153241112
45.16846026428743
73.09769758279043
41.495578451740414
41.346777835553034
35.0408294097008
44.55606808471814
38.375059210208555
37.3473292085505
42.59652345905633
39.248129555659496
73.61082124748374
41.466890449632125
49.04466164523637
44.60440909890118
41.25608421032464
36.07115595120826
39.05492004303369
37.77562197161839
45.65381357470456
36.028354368332984
38.95571047286914
33.078746504541044
38.02084209231945
44.32861334710257
40.12209709088013
37.54380452076004
39.94634114069568
41.267903381477545
38.25252220709202
48.02999209873792
39.03941434353641
49.9528811669914
43.52427682995018
35.6945285298305
42.43607577719373
40.09666068669744
37.25397064672881
38.57838364559157
31.25468979527845
39.418177561852595
42.907775458967826
35.62010833069785
37.06621868194539
39.063795412391755
37.86204767729937
37.59060699699562
43.90345805121829
45.68491374806681
42.645287173824
47.455675520306336
38.410413619526366
38.0763075502251
40.66738447461423
54.52515525300771
36.967786976401946
89.67586067496669
35.546373427555764
36.31773163492005
43.328812080549625
48.97537145222168
36.329377714150496
58.58431048419091
39.43876849540671
41.28646420768709
38.642260525114224
43.87754123053316
90.51507204158784
57.17761856139692
43.943604412454576
41.72868374717414
44.98281225699542
38.642188559460756
54.34941462448146
44.26881045883968
62.2376750437301
62.17040032106386
45.594652212077584
60.86749247491565
41.105046453289276
44.74764673086405
38.56721008922172
40.866230026388365
61.80430687331744
38.218279891238375
42.98263255083207
35.06991920083399
41.189326040323415
43.7824967141586
47.26152965519971
70.03906975324463
35.914850916597736
49.701462941962305
42.51576345907597
39.928650423513275
38.33401052881639
45.82697431279713
40.119531711519905
34.66201881345739
40.789868820707994
64.26934394265771
54.944781294990484
52.23591689686976
43.040012476373086
53.05616024135656
44.708597872766305
44.266163956262396
34.3102009847955
42.051827731196596
41.59620784928955
39.96341667633071
48.69183533922084
38.018791035157605
46.677970128589536
48.45578208863755
37.35468394942142
44.61218687383267
36.18018409693849
35.220411838250506
68.76015159293361
32.327013656804375
57.826516272894786
49.67411323987329
38.085834333817225
64.50433984718201
37.62471757518816
43.6802299405113
42.57315211366326
46.02737062597856
68.25171887600023
30.69678520431174
33.3702475306838
39.777742940205165
68.4671591166689
44.49966756867859
41.17238919691567
31.620544634842258
65.40368530214703
37.889012737112246
39.997876560971356
56.87624848873624
46.4507856625713
38.008362421785066
28.976625615559062
34.39747197983501
50.265697954439005
43.661348799823756
39.755197766720634
34.64479501406143
41.3679327972616
72.03969433187568
41.10356088112943
42.79615356446299
50.45543658699293
27.010414695962837
35.064495686695835
36.25683607960716
30.972695061188194
37.14870414618384
38.9860486649155
48.11433582720393
50.69508396344834
51.535019828427686
28.527464122446762
34.53423983747042
40.78064497518225
55.20633628802374
55.1469668467135
35.08701837315528
44.34740880159184
40.00948054297989
32.34108875285801
25.870789583786745
32.741465949424445
34.168262919647646
31.86702978046641
29.10408532002533
30.173324286805677
55.85970518582549
30.549180769733944
32.0700395116211
45.61657930411113
28.64174965826751
43.09037603870495
28.78791402302197
31.493844920712515
29.29616248219036
47.747900039391816
32.15682791857957
26.490746110822865
64.38027749681916
29.515793135014597
37.07567382644289
42.60328610421658
35.98336431233997
38.063064771971526
31.669490825394902
35.13592146196881
68.80902586382292
28.167627678856675
33.48849208711159
45.42239863799449
28.14858598011311
36.479326852618584
26.305649463760894
69.07285483280582
33.39552537577428
28.864963903233708
28.885736728374706
32.443777486782345
32.07274029778721
45.999316824810876
33.12229963177433
29.566349720905055
46.53116435768653
31.777447068460525
33.69276887647143
26.151174862172574
31.586674035553443
40.53442791499337
78.74103556289515
34.58227882019564
34.37316937781555
62.26708440020606
62.56760029499038
39.486061053372055
46.75541590556519
27.248615681658265
34.12440911690845
43.7875859245258
34.56765724689979
28.957341226461864
81.29804022441402
79.02503186390368
42.93081515069619
28.364333199022003
28.443201231401154
30.488277774560515
33.07200168324803
38.60561690467608
35.87103615975343
33.14031635853065
45.772462692847235
29.20073347003056
27.894562910547595
48.69788077232507
42.349656502833334
29.26760365140782
28.934596900331083
30.616650056785577
31.56080366701491
80.47901012651099
37.91860788796408
32.34390858854834
37.60410754466228
38.35710125512615
44.74191486468737
34.008327258355514
47.66403376335884
53.87611170726768
28.451928409515933
34.60160800323253
37.945129162876235
35.81729832162684
65.9069360561012
39.80202365291217
28.084365605496828
31.60232538272767
27.152800170683758
70.31709379465302
37.20186709397953
60.084167515494
26.57533887950471
26.807626311738936
29.97479037133908
35.22749257636344
43.43199891570163
57.985309730626234
28.304817151208695
35.588693546370116
35.70150401628403
57.51591378089157
35.22561614968149
74.49472896714792
35.17699709296842
36.17706537290551
36.84962969813405
33.53513716422258
36.89263374530514
43.53820605977365
26.689522802023156
28.87222236992008
28.21225365446858
41.77148961864846
71.49332056486466
30.572204004391153
35.10121064419361
28.92073114113287
29.96802794009959
32.65759917297721
26.268162676977667
41.80116269221135
40.270406092507145
42.58414256480829
56.013229966851014
37.68863280405435
38.54078748364846
38.14763819774403
56.670259034223804
34.16712591059238
28.84153722329111
30.235663159955482
42.11427996512747
38.40715542358641
26.2764875030556
35.43854786407464
29.744986187633373
77.65553454754766
73.65518391357325
37.14950904326891
46.51207444395901
39.77689217907898
28.850998920418895
57.09694838566092
33.918721674920924
36.70067752108071
42.25305580955575
42.555596637776006
31.95327813185983
22.50061712776833
40.828617713094076
24.380489146768777
69.38504432575785
25.633843071212752
25.80890319757642
36.58543132328664
21.806987866907583
30.65479444796911
35.69880093588583
35.666055118343806
40.16081832367496
56.023777132415795
55.33812759413673
34.70295202205465
37.41454320846531
39.382901076726945
53.298587557578855
36.874326024108434
50.73204980864623
35.12279913967788
50.821104778785994
24.3474926692846
62.577682640629696
26.80120811641737
22.490631015822338
39.15315529151995
47.73454666380918
42.12964511511928
55.57166060707549
45.74369661209938
28.517616235797135
31.549479885866518
46.88259482497677
36.42929979746745
50.81911207849441
52.41302251936682
38.2509319771824
40.248585617591665
30.766247774592998
26.498328676563716
30.336734851951697
35.40996936614864
43.19215880631839
48.673890999463495
42.863449700556075
41.11081906275267
38.67260061522634
38.861990934189734
51.0316356165202
23.440982174204528
27.163980442709587
49.074748331132625
36.26029507304595
50.40303591031176
32.996308529026074
45.606893854695805
46.65852309370017
38.717991325565514
32.834110020955094
40.64815807691396
28.291154240928773
48.0187652361552
24.922352258133817
34.13736503052696
44.526135863350845
70.83187646676132
42.07415428727845
30.587985943216587
44.11637878263844
44.67331961606936
36.535703989939215
40.04262426633198
41.6284310893881
59.19986182692647
35.3779592149086
49.02716548057311
27.99120704883168
40.389875307126346
34.94881544426427
39.41399312098543
43.074444878502916
44.03641820791766
30.404408239898395
36.26889859281945
36.60875430507484
40.8816622630764
75.08104340195676
39.20473681459309
21.99167761497936
28.217423879992282
47.868222152992416
55.43289253289193
43.554750735203136
26.324293848357176
30.99099972202422
43.63940430843737
34.64004920908332
25.10546524087236
26.020644733439518
23.082571742165566
28.464865571912178
29.643191985447462
33.92889508625832
32.37199337808018
29.887489253515152
37.76886415057155
50.343263009080964
39.2942871091861
43.02674656607275
37.614618086921524
36.24905495562407
38.26326811203335
42.525428822310154
29.5048893578417
39.76344182996398
28.086631865475194
26.871218531142514
26.311802424436262
27.757102188079358
39.76788291928644
47.3841966184186
43.32279189204391
25.615307659688966
37.14279692599679
35.20504004062871
43.30970127331458
28.171169037436176
27.14499970434406
30.656651409360055
38.952434912453796
39.352647492849236
24.056968983933157
37.42465208662839
30.793625815456306
26.30850960830328
40.920294340773104
32.141414851273524
27.565861725192214
34.577346112766605
42.68030904769865
39.77322560860981
47.003683838119564
26.954846861745914
40.10472138625042
51.15437805279551
49.60748016660086
29.964393330355335
26.914785180041463
33.967850534170566
22.676612764605437
34.8812579585999
38.56571037870123
35.57026364931658
26.19845508151056
34.86865787979062
34.989096067188704
36.61967320681085
47.05176882361658
50.936559822340406
30.14883241014682
35.26619573445517
45.02509128009108
33.50529497113424
47.40730265014707
30.06874985741675
26.1528490997267
29.470105314418596
31.847431379952965
33.72847023874204
24.522105106326528
26.175476448898927
28.717085572655243
33.57429765761739
23.270566008089478
27.514768013416493
54.327262786972476
49.219871706532174
22.80337830728891
32.69884370795504
30.96049537688741
50.450162284863374
34.1896663226189
51.67365849848035
62.48811245267627
47.44763272019079
29.27530722074954
47.37587482913507
29.740339799698802
44.06003983106862
34.73078245534087
33.12587358271941
30.409279064000334
41.75028906508759
30.972431874616642
32.65374846583264
26.151362984118414
30.183652753197556
35.2592950101312
35.71770136831395
25.71999729749701
73.0084703593357
23.36014797286352
52.918869483548214
31.69214600183665
38.63224435397227
26.410770032402805
38.72028505884533
33.35521188984419
36.17679180905937
43.42319288595705
46.177945786714226
36.931181286800296
31.88886681556457
28.24705732291705
29.50698396314725
27.636099408904524
28.89521008797993
27.88496705420879
39.833529821654594
53.13791412397187
39.65255805688949
38.904339861536656
32.958024238864645
27.86225825309054
30.20598782547209
30.521597764826637
31.66457527319866
28.9645755383677
27.297465290443284
27.609903544379375
27.954873046983632
42.647083959948034
35.88716982655421
21.595295677085094
39.75401657454203
28.021978375343455
31.394817737029385
43.083808579536864
52.512501876008685
43.132094981877266
25.00004892658001
25.899406382720677
26.64573791877395
27.507543614384595
32.98457032558965
37.010469317962574
23.85553153746189
28.50828065529334
35.82111976877763
35.61584638659196
22.704150527017756
33.83794694499035
49.1450223433081
46.26321332995995
27.677464419643307
28.838950801713427
35.4296760264153
33.678035098971364
52.85547223478405
43.76390151302704
31.69535014049839
31.886698088368977
28.207925257644263
30.55710239727391
31.858334281872068
31.065863872356843
32.21540976862218
24.4827331379478
35.28422359626
42.42204061157778
59.843695486331185
36.29981158843492
40.76541457990232
61.15911774268689
30.844458521735156
31.883891246188348
44.66908032222586
26.28823659789365
38.49672091040899
27.639072416856088
27.901186282926723
30.717931325376387
35.36754202684726
38.42454168938387
42.521035653587745
33.51071237919353
22.260973191406023
35.60216150890383
33.73102896157464
32.20805009552712
33.40576917569265
33.076484419687056
38.15301418704373
42.384625434550074
57.30459288599941
28.426205954944276
28.9922158768211
59.64160985463915
57.369625711988974
32.75440070358173
52.755483025503885
33.129141532316744
31.726265958457354
41.36244514030808
45.82027308333491
27.713985832257283
35.67828227217775
29.409215448262664
33.73248231811189
32.78480484539115
33.63477321110563
28.88951390055509
38.26032451439692
29.084964169314105
31.37325073921026
24.691622444914465
50.935825593739246
41.15379508625152
25.625692835314155
26.65980642788169
27.93791103679156
28.968759016902883
43.106879698996885
29.567771748946083
29.29221521796332
31.194552436453616
27.958389629092864
30.674955345630323
34.57010329896278
32.56093347657101
25.323606969049365
22.883973032045773
33.462734492650796
47.65225649096447
32.77590630856344
35.585591911065215
30.063834504630893
48.43498299863721
39.15162993917968
31.799286452805365
30.7342274430955
29.972580727380723
29.65181471711408
31.801963668167037
30.207678116445045
33.53236704725631
56.22276600450687
35.60294338447747
33.82744280790364
25.253463632335357
43.043895560284795
30.253622673972664
24.98355867501631
26.402076952248308
26.806132230739713
31.09448228663455
22.841908104346977
48.45613211724776
66.08866363896465
31.28166728077379
68.64528171282655
30.858721585056422
33.536956000332346
41.86095509487125
28.70194645347925
33.57233905193142
30.559873537208823
52.70906627301256
24.45476541654555
50.008026363026325
24.253457269456707
30.718844276577048
32.443816747068674
24.61814541340284
37.90662757035448
27.084199178025827
22.719488438558006
35.54546649153775
24.333374056639094
29.371727521060286
55.64556558295424
49.702525613746005
48.834834053480265
39.40254358263163
39.92253320225985
31.762362168714716
33.06629981458203
41.56313269549941
36.50828939190085
31.846308555776407
34.914822979569706
32.52114710802306
30.133568024463106
38.018692651955696
42.24320081949239
27.190067858496562
55.7817092527157
36.443728639548354
35.11881034240629
39.82594282718055
33.46734783556277
39.49082070548265
29.4933510389777
34.05976314851621
34.85822144433326
44.399987715460526
34.46714811859767
50.2670440493818
23.679783492159295
26.796049379994017
23.95881241835712
55.240959777216865
23.703253231190768
35.518696971152536
39.76702011530267
34.88425571180154
29.375842107290204
23.147956127489437
42.25445818616844
30.161581211433532
58.02144841581064
24.443071001950052
25.879652128810516
23.343051784332218
50.65834507194197
33.899831112222095
37.244849572212594
70.58852960132783
33.01034717048208
27.415193310438102
29.950774722404113
27.859716850239835
26.070583487995776
26.768428891620246
53.46983709477266
50.719496201210944
25.92215911827565
58.08936257177908
35.54373453345258
58.61728650094558
34.60022362682584
25.465447543722444
39.569878119222025
40.30202994752194
26.358088888601735
31.477635833565564
39.241658641332194
42.929081544220296
35.88548199273543
45.286212465829955
104.10716360419646
32.0871483130755
35.435898720239
29.13464905992189
23.89900040720319
26.53396228833231
28.08481747304393
42.53985750743789
31.30881930131889
35.48303313460052
28.934569923176596
31.927782653892727
33.480695024302406
30.09876146649356
25.088769944607485
33.742121662007264
26.01126685170854
26.921316109990173
39.53966033005887
32.29994525282365
36.04344027383342
33.645915477133975
35.66846212820101
28.87087453109874
32.48881813082679
42.801017791885094
31.577178760629227
29.18367351920168
26.944507540910486
30.495987776560085
26.159749897489004
25.975815368967226
27.939353255747648
31.5152771250459
41.24145236900486
30.03843606622605
50.81200895333237
38.34176310959199
38.56068399044499
43.5042662137421
32.33193958135561
29.70792907692372
37.1450584165706
27.953968447936067
33.965837888082554
34.52840937388598
75.30640359057485
26.852377222625293
30.17149621782882
43.89717751592305
26.507989160364282
39.06372289764176
31.636184426070887
33.04466347411583
23.077213831356858
24.85737640466196
38.757969384635864
95.61297128330146
31.73174283353705
34.09257579780413
44.17226475357135
28.259105394708673
54.5875763417036
39.18018936709166
31.570848050513707
41.52987236818543
29.73148894199092
41.721606170105666
30.54634695645959
33.93019482136494
30.50735235550879
61.73799216246939
31.90899132734955
24.224455412011313
26.60993656170908
24.77423935732212
24.051004065828714
22.531852055138817
22.452239833335657
28.45812742916758
34.63222777425248
24.047160576033143
31.505065130217226
27.36790897400859
20.979855609336735
28.18796645781779
43.814919746922094
21.607400887683802
35.29394010687228
38.29528435278498
43.31916302596256
47.557708502935256
39.431863138235514
35.138270225761076
32.03170521243657
25.286374522675978
45.334792893075566
88.90839663319937
34.64685979480237
31.548411377607263
25.608972422015146
27.114533997355384
26.94125370834119
50.33680187055543
51.65698992627829
34.90602943776782
27.12520132669699
27.050787894597022
46.22434212612622
59.12473900237016
37.170508753943004
27.956212799213112
34.82975033983325
25.704180233641644
39.222254714837995
58.99378204656838
27.287786231177623
57.362370174210625
43.64284031448108
36.0130146520142
26.802195851977093
28.433950972254348
32.27475370137325
22.16476805029479
28.453790310538903
42.91523274061055
24.76452464791328
27.51943592301338
42.03091147877565
23.850925052178273
55.62977791129875
78.62849114971283
34.42236737106063
58.24508281923749
32.1426498392274
46.97676027102294
31.566389581047137
25.031041459475116
37.461565431655494
23.79305627789736
41.85395144373558
67.63140402152715
28.563255204125184
26.82650292651726
29.560761311619903
39.35648752151551
38.28077795297402
34.18714004002344
28.689304527820287
35.264391933262395
40.86947385867494
49.7769554145199
25.789776890069597
23.20176521620777
23.286377290496997
42.21413857046385
29.530590847111114
35.74780219515905
30.52348302720911
32.93784588628672
36.6207919987424
39.45885928132597
33.381497367335875
30.394713551692575
33.16468598757949
32.849703050697066
30.248823180898444
34.14934000094653
39.99685302614786
34.62761983245512
28.0666624592023
39.66082168239943
28.96947359777913
25.477237331319564
63.24054870906956
43.020682200202266
24.85040005578789
38.10652686204057
36.17602422917615
41.65733784192368
37.86116890378236
42.41917361422708
30.57049615935247
25.22474861925745
31.667970919151198
38.99028047387781
34.63250363521698
39.345838318250706
25.730956262339326
26.70425677836552
34.97626722629056
40.51676243754296
35.46568313773486
38.516226452120094
50.838885392764325
43.178188363181285
38.54481242248797
35.882323166744186
26.864659052585512
35.78727039075247
28.53784905087165
40.665237815790455
33.26138358813975
34.40927518549008
57.46720787449448
39.452452912665905
39.234327849466595
23.088349834801125
43.45635615901459
36.6772346067035
58.707182025486176
31.980811940909255
32.10878809144371
27.96496016733296
27.618516262636337
22.491101509185416
33.529897601027734
42.86122740618965
43.03613244226565
47.40293976445874
47.24769316948016
35.116225436806964
42.209711661975604
33.65992960740589
27.775606638055194
102.21690420257669
30.950925624022616
41.14902882254015
40.19303514941972
23.60390420636452
28.60007110298907
31.861924996043697
25.12214846193425
23.612253713360158
45.83498527500167
36.95909624580351
27.57256277113489
39.423458638252
25.21406722251382
49.2686319579036
43.11922358361478
30.95331514630545
24.024850348736717
36.15444447927695
36.16591662545794
25.464335760542333
35.868444879921284
28.422498231831426
39.084379571118795
29.30906523937839
23.178368340496977
24.62306493827104
38.15089217156861
24.054520887340235
24.804028692977024
36.064687325503236
25.147277508144658
47.67534159266993
59.57813882110821
50.76024459702998
31.607095182346914
22.975580735913425
36.55199946830468
40.77711141864274
31.63154836518909
25.944735788522667
30.70814956232242
27.380534618339496
33.77449416371683
24.46881145277214
57.432984121234426
44.47011070990118
30.493762736960996
30.83701278522562
30.772156171395302
30.896891875674132
25.43646722783207
35.688253290918524
29.0857696172035
33.36452952028789
31.031189537618197
27.84425933895098
26.995373902763507
31.607034821068854
33.402649951123244
23.272309224817675
34.72193816522822
33.22969371009283
30.957577336642753
31.53586952208261
34.288697501890304
30.114682203644374
31.805890210804627
27.46593019628627
26.955838833812447
34.68763674748671
22.4809058074
29.25204853111094
23.990902126043647
27.319177050627047
28.225019492141293
50.85833769174989
27.11174254836434
24.7371219802368
64.32024751954404
30.336578028886084
32.2391680468905
28.362011338102562
33.433472564634336
27.353645507274205
33.14584056897662
40.928692238747516
34.95949843877553
34.834554329034724
33.24745025664034
32.16845790463526
25.986521875288037
25.73622618156058
40.469794710219794
30.757719098629654
32.33156997836813
33.10967953299838
32.71640768766688
36.741934144165846
28.454775659322387
36.67772843035132
22.578218968728944
30.27104277960041
24.026165116487036
39.12380553017941
47.12546883716695
28.232258853528556
35.554425351896036
33.648347080613114
53.97923639676465
35.178542878045896
27.935962329002784
41.13009602316192
32.40795538470083
29.156526886701545
28.134352075271554
30.29586132020163
36.334075318741526
38.94938167693383
35.293529910724295
32.49681363725149
31.590557143318655
22.977516487709202
36.24260681041024
28.635241707176853
36.07708595762438
34.84128641965877
42.20482789450279
46.2312796399688
31.030922056464785
42.18687648795745
25.621722752800277
43.656698296936895
28.27080577565741
37.133593072465565
37.79783085613015
23.49920743922392
30.898302499682266
77.39456448404042
38.93563131364064
25.88916089039569
29.73237030838755
37.81095416764405
25.269807241803132
33.89204643476324
24.957533163542326
38.21150938633884
55.971988591734416
33.64009106890119
41.671514173241135
30.133077317450006
28.843571538321854
30.61810614310262
42.787983343621434
27.490921687830244
56.91543723932566
43.671955122891255
32.08986837104043
32.70144509641535
26.741393928532446
34.490462242241925
28.176088320438318
38.987262361408426
29.970723697212843
36.31563316858723
26.44977732442433
25.790684066731103
32.82528600493295
58.55641042905738
48.75432795998429
42.162908899118904
35.6785945946415
32.87072433208612
33.728255312945706
32.5614046632595
26.354374621293356
39.99117672262821
24.023580972910526
32.755866410363176
29.284349128356002
43.3131737634072
51.166051151551265
68.27554766875578
64.47273917811465
33.03946891919178
35.11212494856805
21.745798937546244
57.7769125971187
24.97781746894187
40.427683338525874
36.56773706529692
42.26470164033235
34.25732196379251
30.894537607124732
32.92111103936578
26.34832113991124
37.27261067511297
31.84498019703133
82.8067864029706
27.875248145644225
29.71084635258786
36.627305468622936
46.364317473328455
32.020241519244614
24.453747935606508
33.51304084585926
37.80653143491178
32.317974354777846
50.682569571064064
42.443616826044966
37.19575686322794
57.80911816999577
27.374371806660957
28.302965561776656
58.37252547883943
35.8856177090575
32.889918964336545
25.47145117922642
37.277586320901364
30.02627560064753
39.75274506104718
27.291511848814757
52.04367117173558
28.540071333996117
42.0644370659261
35.93243704292181
30.050541103289248
25.59956172804765
40.356274628017694
27.245684084570367
24.313397010367353
75.25578427560221
24.777965578664073
38.11796420372357
23.61547961758027
21.448060264739166
25.25090055801571
34.43946461374486
24.056353645100735
23.31502116187796
35.87815055218231
27.812340902397942
33.825721013614604
35.59134533260786
42.551093602697655
62.063482973751945
28.730242777060965
30.362087457044744
33.962912911464954
36.182150772641165
86.06192994713193
32.18691619397517
26.3409693525743
31.328237067736218
40.663245747559166
37.58913622318525
27.106565586678926
51.48000028364854
32.01914009724064
27.273661680446654
30.31527640315552
29.744269450518832
32.104072664705996
31.10426984406624
51.16367624134287
27.2815082934907
25.417947966784673
23.42577062069211
39.581956479290085
27.62481005773288
41.97001609583363
58.02403662008778
28.128915460500103
27.00009422979437
31.11156948403026
50.63469153585626
39.01808055665321
21.482871301332068
34.03586979039159
25.89705404592346
22.686384105970184
37.065593336623756
22.755618272767848
25.051024061937024
25.662715875678103
26.86050498575903
39.43870610874388
24.696767029732804
26.63945780179926
75.04946904662019
33.79272448195155
32.54723439562628
30.257777105067333
73.70945235267071
49.33904680058473
26.22328387259494
35.09503857266594
37.234575559111434
24.802364816886232
28.31611523032592
26.713341366446624
33.40733150651984
32.5528089354468
32.99510590818773
25.100120199448956
29.869432240660608
39.16160722113765
35.48426998526189
48.467356095074905
28.05697971016049
32.556500726154816
34.46279162370992
23.433631569732608
38.67648435862595
36.89742934462182
25.825755007676598
33.37518811564055
26.654918260242354
41.503586657209716
56.87452227085702
49.1364944053216
34.8963739523993
73.00284164679952
33.0307681640689
26.805366613010577
34.51354938258847
32.125041472428464
36.43873967602607
50.905523998541284
38.46548267953755
35.38044023915748
29.135239248677447
62.41956834524526
30.248061771832113
31.126405128519494
39.691362941676935
34.00015670113043
38.86213079606166
32.44240936565452
23.85093039459678
32.16080774693503
63.86326255484919
27.46515651247451
39.200749240890104
32.44350219699303
37.2191187218985
30.235100133670183
30.479303252612652
33.724773952361296
30.89629252671909
27.70711308514215
51.77952780743391
30.247591802771243
40.98352013810564
31.960441008240316
26.72161823807785
32.084907815178866
36.154507322251504
55.243874065330836
38.029579951655585
27.566140411781763
37.958781123748636
47.77481271110168
43.38849474810308
26.87336921649788
47.2500059498439
22.240463472401146
32.57863958386509
27.53974346880489
37.56947024254717
24.634060425712022
25.85058039791624
39.6834587744717
24.549407452350376
26.009117605198036
32.52261561773674
52.9964631303505
23.124442255929893
25.28530619213979
38.752704564606546
24.60819875882003
32.882392504985184
52.87624144274906
27.8427393712844
26.264558717839538
27.1639567476317
23.64115082132531
23.357539095042064
26.99637670393578
30.57400628031929
31.75467494539207
35.346827556144746
38.469093398823844
30.42060997345087
56.82145291467207
30.308243195912617
39.49019487344086
29.849731621191047
35.18636704948203
27.934968827877082
29.322706606088456
32.481114643168105
39.56747492416284
24.454209676952093
44.112185375528384
33.523608246213854
33.36312278619641
36.67611631880948
31.48861888020396
32.744357569262924
41.67689215593624
58.568506683479164
27.767994981369842
32.51430106959931
30.517770126123814
28.58713490704603
53.05236537332954
38.462211930669355
48.03705830687388
33.95409396092138
40.69030743786482
26.78296654505856
42.979928234758994
33.06072368740374
31.541364036244147
25.491691395168125
59.145187275388345
31.439872867772944
33.350717335977905
30.47589275382582
35.22712707959806
55.99932095610002
33.99897909734637
35.33538345063103
35.023376331349326
27.850466420850022
23.9244890245538
32.15007179342904
30.383142174679342
27.506051553108204
28.65965740333538
27.0707148764715
32.71084160498909
26.364373698338827
28.337405480637745
31.500584003287734
49.28473834395622
38.12161066826636
36.28984289107029
37.64061083071264
35.86498423814905
29.165116584810946
31.944678700522843
28.0994733413118
30.58343957026328
23.699422843944618
58.252187914749804
25.158338357422867
38.712412546827686
32.817825265316195
27.40882251266802
33.689332401102384
45.43953503013363
24.070380375264566
24.42246393597675
42.45348970153508
24.459813025421116
29.74399097923787
30.896384211105126
25.589347681312372
36.689196009271875
38.35096596291664
30.04379567148145
47.79561195730583
32.18799448250745
44.59195771652728
64.72095081648871
32.79154598217328
29.216508270583965
30.387295805119933
26.66187896121762
28.272559818691114
32.383741455509124
27.552882037611347
35.38226867773401
37.85380232576715
29.636840264452566
40.15719806289738
28.992047610583484
32.72467793670639
62.1559428318138
31.326962780283647
28.64287252200013
35.67448609377895
39.507598129978454
27.967609055246243
53.952412962076735
32.921864999570126
28.788888861998124
36.928374375921315
45.0821017427068
31.191315992988038
37.76460182343532
33.855293976884205
61.99606635520748
49.69104916171794
28.808534644188565
24.446011800569863
39.503910828431735
31.532835961452662
22.53338123855923
29.96101729508013
35.86731055786933
26.197388200899255
27.85564472481488
36.43518372956651
26.346541548067076
27.506383923922726
37.820530300382956
37.86638512038967
26.593751661990133
25.701284454191335
34.51003445634292
49.26718428658844
24.65622727866117
26.35300584106683
35.29348787244767
31.69600251658462
39.49375954627476
23.962870561543166
31.8628799901267
25.538717391923512
42.221657212111964
25.316133806662947
24.43612272401811
25.577340523576954
25.525194490556913
27.562864133219982
45.08069934315608
43.31965059495425
29.54698295513809
20.251585721932685
20.98246534631554
27.508999031214923
37.86860501989149
25.988131652755097
29.192691716069753
28.71313264601566
32.78147710232484
29.202789029216987
34.37221131577728
27.7562746493426
28.69901615958326
32.63387190926996
40.215761824222554
34.95915305305686
31.45979965694229
39.80793862398819
37.75258966005964
39.45054404716127
35.37002783839464
25.803734201725938
33.70420880114109
27.997564131943175
26.485574620668324
59.30826364138811
30.557160528975338
25.12459488156089
24.396653088443554
34.9671417322864
36.7734051658796
29.257944531642053
32.04797768500258
24.276023590561408
22.842635361221642
33.07857089934005
22.51030693612353
23.73291368443594
32.43581256059484
29.755442358130683
39.19669184245666
28.851584343334522
27.84213809503054
27.2310380784777
31.725296762231917
29.227166140735626
36.160693009499234
32.992932121202706
27.363380879302586
36.99559461935091
27.070419817116477
24.38982417057638
32.612016467072905
32.01781122280485
24.955175285717974
24.007766589907767
36.449105148264366
57.74445023462577
26.874348061193047
20.939955291699707
20.788269746551407
29.413692392681057
27.701478891963497
20.124762435895708
31.693118987682986
26.448181452737355
24.889168313112357
30.052957463348058
28.445106847075344
32.814541715206595
24.607575035869413
28.584840505533247
28.100237397623854
29.55732622720878
32.64824396308416
40.652076809431
33.75768664508811
21.618814557574606
43.543942199231665
55.70470210844314
38.820181636760225
41.617099067199014
32.051863147937574
32.58070192946324
34.703361342386515
27.21643220738171
29.690579434050257
24.58217881353105
33.0243369264081
26.959954626646038
28.639359204750118
27.945571325250192
42.131954793700544
31.8644097856021
37.391826618987466
27.428903589518168
27.6826732932624
27.077848448408375
35.12623280250541
31.11353276278105
25.03870731855319
31.982723005798572
35.15072614319663
30.33463908437491
49.72553082190142
41.538408688767234
30.013273334887216
27.284273491691224
23.8085649957182
61.66579168925467
24.77562867019241
31.052149219631758
41.31656714491624
22.786709353532522
53.345202240681985
40.806312859031344
37.62212657164085
30.311278496256612
63.82845650130515
28.487937567212764
39.49975603484551
28.040529710097857
28.269585697641634
24.28539391190694
26.733604943979056
39.48885759383928
28.730355834893025
25.563281916963962
42.06405768041581
25.401082988290415
22.31785367858267
27.375662555577588
32.30270741356738
26.516646724658322
39.65592754016365
25.991481010835138
33.787628925989814
37.350514452907305
30.951823464231857
34.56235948182313
32.97650155954626
36.57397488750258
24.700107392106407
45.953702159195096
36.44808747613961
20.77013987794959
28.99535518436969
43.678936762031455
24.83697821229892
32.03807252570855
39.60311586638289
48.36270421535141
34.487638781627574
40.13105125362035
35.69932078724145
24.93933310931736
20.938243632183877
26.930610062735973
27.37559985379692
21.973969697502074
32.143401920529115
38.355792844102275
71.524784537462
49.51350944820544
23.505955503266787
27.857279178364614
37.80066044294457
28.845889778341228
25.79684155176448
38.288538683599725
29.582164385728678
31.580608808817946
26.167671986034264
31.30437083348144
26.139934885494533
24.467353436302318
25.602917547023566
37.18511734037543
36.81872784881344
23.249698064836345
31.338380853826223
26.03981122573135
52.88836809130283
28.24782202588525
45.56704455110302
25.126142899908103
37.58942209814767
36.37812870022281
29.083228501714515
25.40789305419825
27.946320821421036
50.58364830885831
39.759666855082436
35.973851778175636
49.69166769284403
27.41725499305584
51.52934167631365
34.10500671473175
64.32357777368674
29.666603564356983
39.878300380581685
28.2787804597097
30.11979346535796
37.209754452349266
49.29036724249609
29.5495857402321
29.42964026363475
28.075875296352578
26.579292019698848
28.407935871948318
42.16009178370083
33.572353122294956
29.95780136666225
32.86597240935096
26.664952340717605
34.09541836981674
33.396720543840125
24.77832666447955
29.69792264312285
40.45886988844308
29.48664652330288
27.887193550722785
37.43565466763852
22.026766594173353
49.21011205478704
35.656064098578995
33.60811154342986
29.0235041202623
33.561595276769765
31.901715048771436
31.290617904396164
27.12388119032786
30.726259489903647
36.14644705695355
40.55927285200695
28.29250477208896
52.794048822058315
27.543445631628185
28.029507016044693
43.22790027695577
39.185164805429714
35.120143223547444
60.153487548804875
27.574102732790898
30.400077226057107
23.62585947555686
55.62724648886936
21.197802811954595
30.476947823954905
30.85040248677219
34.15271370451698
35.35965985216686
31.432530183202378
30.843824279919396
30.04815267673916
28.78798138840807
24.38755604753355
25.55238793030837
45.808045210971244
28.76836853891097
25.616065382596947
28.90075492751733
31.760625259538518
30.78167481293774
28.317658689593962
30.99961173668887
33.76920892264004
42.833188049685624
35.24076641473763
33.98418538763189
23.25281740023402
29.214431433660653
24.769855965446546
26.250478548877712
25.77986845391594
35.88361375486024
28.759614899814608
21.93013687994555
22.713020472495792
27.401440189517583
34.10688231984257
27.770239593630595
26.83263863195855
43.06698430332644
26.663336663347234
23.626826384993507
37.261348422353095
26.76687808982558
28.62759476364428
30.48644075001501
28.511889464181774
29.15552871745511
139.30078699287884
24.622873941045306
33.344938442359634
31.69622097857914
35.03638040670102
27.873616315852658
40.69804808552045
29.91462701473227
31.056127982340975
24.025695039106772
33.3878797950497
26.1850568460969
28.276320663971433
30.861285333585474
33.50647090880432
27.322538191108002
21.7464550730997
23.994792524591652
39.82891273737411
77.77409365053366
23.754120473886214
31.093135542118265
33.88504414179381
33.41294978239704
26.874645368286384
25.058859087443487
19.682652757739163
24.85940814625698
28.806040974207004
22.305568849451184
28.928231639765155
29.28919159004018
41.821087592777424
23.873756099448002
25.7388420113428
37.87128094457495
34.2893970138861
31.118591049889634
28.74658172536622
37.57524320899625
33.16490025260774
35.37518246854305
69.76781691975869
24.32669899691996
25.168604652614366
30.054629801565458
28.05816603070914
33.20661656482341
23.27269690481303
33.17649269789742
32.56927202821779
33.74853903074951
28.732517893560228
26.116087348136123
25.575370184741583
35.048593987272035
40.474946207027294
25.35605248404415
45.171880797758135
30.64920807747445
34.99898026866684
26.074794142452387
20.791635147612304
30.882994644694453
34.50448993404594
40.166689697522344
33.22548883341213
32.338131098473916
74.41560809384399
30.83381742430427
28.30702455076746
35.98335767084547
28.09705588551628
53.23383646367335
24.583900373780732
39.82386624625305
29.090223165981087
27.920818098167977
26.793202575014107
40.85827534223052
27.659730243798506
32.152058191682514
39.207285327068085
28.366315981889016
26.5366103406954
26.92763860220059
27.83572384754203
29.363501154202517
35.99455458918179
22.706825608957235
23.999547031998254
24.954583550794368
56.840196554580864
27.367444568537977
51.21662046540064
26.992197394753934
41.958304713783875
27.237548034885194
25.508816993323325
25.770549176949785
26.984707986984244
35.565649961048074
32.288875668035104
41.62417089344888
43.71616834539778
31.775783245717406
22.98178308882963
26.08407823479116
28.598364896085986
29.947170475753765
32.84205039402489
21.97959823131799
26.558441111023896
25.844134743191976
36.19629398667107
29.226147018921168
43.556298638639596
35.02870407708296
113.57243296770498
31.23758501868171
52.07339257551142
29.105739437342788
38.349361783376196
24.350353480993242
27.39451681051248
35.194493375991364
22.980244018778468
25.062271056653476
50.505441646082396
24.41679026014142
30.341185382082962
26.360798054324952
25.823609775200854
22.913788808727332
24.61154219494586
47.745417139154355
34.755212694755635
54.9855244148294
24.198661430185894
27.337609673178537
28.662997824187183
35.62993681607147
37.20773216478602
40.55641782579017
24.70698245614967
26.892193146023956
35.74470644696042
39.47215144091672
58.175012216194204
28.4542996970622
35.48781131448811
23.830061905549787
29.759630391147102
28.196624816640675
26.934870607755105
25.31170396612202
24.047590603201588
45.659443716926695
25.497567683192315
61.06280841661323
26.79799028953792
36.683273474654165
37.80411822953123
31.07562110677957
28.577911288439513
26.917415898368827
30.81381418688999
49.098302366859706
25.678585023816716
28.46447251057165
25.098772168647393
24.78804504385892
25.48950859549627
43.94252893935016
29.68902742430751
21.687690407252553
39.30894964996293
22.609136414852887
48.11172602747554
24.219198140689002
26.127691630393937
29.042905728690357
23.436244696071622
29.283632108783
30.61903350731995
37.089595239567196
25.327666187147276
24.01373945690832
34.64197330098901
24.195430445202696
62.82424591364351
34.07796189495819
62.93350259538596
53.42488786880492
27.838071370333168
35.95014255785545
31.298114317535017
55.15674449404821
32.364334419216476
43.43101845453389
33.42142697428463
43.44449217067039
30.060631276612757
40.623326774309405
24.612423807756436
49.265576580358214
30.365130811479744
40.10040706016904
34.282345408624515
39.11562381766215
21.973467901800124
29.58324098840704
32.22756128882795
26.772782277754082
26.6514444586034
27.789422485249744
24.655088316281404
25.97645248412854
27.606630914750983
28.66603889628672
29.41515746583349
24.90765835517806
26.359549362525946
26.721895131116266
33.16697207237187
25.440010987514395
86.273176575947
32.42372844826442
26.89202807316646
24.41146811464921
23.685022859976122
31.045301571278316
26.175868051332635
33.390408445889086
26.523891655403897
62.072516894193036
32.001553698735016
31.97482706475068
33.17679233313405
34.60824168956119
64.45053359274216
32.99579508423077
34.1863780276565
24.43064396978385
36.54249366084475
30.733711617661395
38.686434527481595
38.27222554348387
24.06761994275306
62.253432981295745
27.389084536541247
24.80308279684655
38.051318020142894
25.455235711860976
34.2479299522181
31.590091827767946
41.71243794943358
28.21474361309155
27.833518072398377
30.778292904265072
29.530762401616062
26.11260046682862
30.96875477265561
31.283004997403065
34.41569233772987
26.86419632326029
36.0541618061944
31.56068677107718
26.471566801417655
28.367694029536878
52.43632289010873
29.790412939189334
36.442371036858574
43.814457610703684
28.646031564027364
39.41011235919393
35.28544781481686
26.37858805255863
27.67681313315828
36.17362164996368
34.068619730071894
45.271061505667454
22.467356079577883
28.653272668353967
26.185987513059057
83.95071043282931
26.98629679540497
31.7473296594625
65.90856908716705
30.63615802232895
27.998243159440566
28.39450648465535
26.119450438201273
27.11465968561751
33.06130619796303
23.82715654179487
34.20066792992636
30.793464651584703
30.5779481573787
32.62159463178016
29.088734351677974
31.902874945787882
33.19040982886114
60.50563226263245
27.552357137394438
24.607452206166908
28.471753409535076
34.035981759140846
26.627426580798925
51.99801455357971
39.31245807787675
49.39432501636411
36.24157277749896
26.565888195101905
23.31867242764207
41.714976658276754
34.207055142281526
30.13420950223916
38.32340003755203
24.576832157283796
62.25241809368284
47.79095378632514
34.45464537682712
33.792770937362256
29.592756594711314
25.12815290876495
24.16700443982642
27.64164675117864
29.611977249171222
29.80376549363006
49.56976726391382
57.09933788650026
36.008099983273055
30.856728548097603
37.30286168468921
32.653274555291226
29.31993438960249
33.71749512184518
39.36243256253062
40.90016131722931
24.41179843048645
47.84184887229659
26.472749397262852
33.64585028113738
26.56284426033518
27.883713869232984
29.864900025226742
31.520581307384948
24.33934537735507
23.830270414221395
23.444784114323944
32.46975032529393
25.540937210272432
49.32109853706857
41.14716971363224
58.00310964870404
41.52107467763577
31.286258517039865
38.45406620750242
30.747539971211456
32.037845781249935
29.7528547558164
34.30658325219065
41.75905441519897
29.70556627539966
31.073616457372996
32.87597037631644
37.73204473709773
26.93250720673261
35.20785153219149
34.52648929776571
35.24034752846934
38.31496691637703
26.727431042685733
83.4009611415654
36.017313687138284
28.162842580886135
33.38493070606981
36.718255345646035
23.864825073281906
33.36098757538675
27.14089988183495
28.317710038172294
42.504545179873915
36.78283551372138
40.57126357593823
27.302861829976365
34.33503585046168
35.64043603502438
59.02587893782351
35.682929768782444
23.349147668463985
37.04898301940683
30.997604178783458
25.494565140739766
36.59710109262578
28.399441310298386
34.977074182962696
33.203183458885455
26.791360100373748
28.318249809695825
33.664655284451044
32.5035685820749
24.725568992653212
35.98411655771884
27.76775566552256
27.79844017261472
33.588470995534756
28.80593209006876
32.93845047456178
34.92835008425664
27.42271597488922
34.790416244664904
22.180432865461253
30.07030818932282
39.928336087009846
23.505687590617036
41.93078634933224
29.54046718209237
35.59580006459375
36.28694466489713
31.3827299763035
47.11833739636852
57.53118136418616
31.629946821204378
26.89594632462018
31.28131595341842
33.97281671459295
35.92381795451065
62.88236493198422
31.333433882305926
26.999847216802742
59.60135909117643
28.499870639731977
29.705916042456423
45.22644630552213
60.188437402195866
26.337271249547136
34.82378780440083
36.031975271452104
27.34201174577916
28.681537757269542
35.708242150763645
27.731132361982496
27.83451060727461
30.19884722366054
33.138826945600556
29.89175332903557
37.21239963700468
26.066499303165457
29.294356683929546
53.98330123999588
24.524340728252255
28.719686215709217
26.829024087540002
47.17824147049449
37.48802401120823
25.178846577621496
27.718604239660504
29.39863616059396
25.057005220039144
38.90311473013435
28.759723731173704
26.932549405291898
45.06953733221511
25.970652405319417
40.132209227605756
35.1745119808042
46.41399106611657
33.733779857230296
31.581827914190974
26.32171948110051
30.65174763998027
48.18012611115632
33.83646773607432
24.143595651180043
26.791262255443957
27.246011461391745
22.565265764668126
28.707108502516668
25.118406108604542
27.426664148569404
26.0082985325653
55.25147417814396
25.80601338541256
179.5548881168191
30.86042505319279
35.94075943045627
25.696206182313386
29.078685107301585
29.651912503974923
29.61794787331721
41.10965703261157
35.24605979287775
32.50923206882492
24.07860651884535
31.334249320384618
23.904236310302004
26.189354947343087
42.77819642869272
39.48458874275399
42.909220663750204
51.02124671295535
47.898450567691306
27.181818705574894
33.466294877376534
33.659721193391185
25.95359537578142
26.74268701939983
29.25963277287367
28.408383973740847
26.558436135720296
28.56095142449672
48.1427318999397
26.507639692704615
46.610301839627844
33.72131516495617
27.951671356083477
46.685683128830405
36.89988612167198
30.7793562107445
39.37787766997572
26.900704751912453
34.43434123516259
26.76709368743235
37.417335101528884
60.929581554571115
55.12737781367604
32.40916689295999
96.5794472925095
32.25253718943226
26.613606278398173
43.852801431142424
26.01599992866862
20.68321350364706
24.159744638974235
28.80899848512191
29.243890066807417
25.19802620136172
53.60322660081051
27.781824603055227
36.03173871100676
29.67415809337542
28.379469776503402
36.47689037801685
30.613081488741543
33.3352345752651
41.90620393873067
38.35183370565283
24.645299671676266
42.50832618244479
71.46391515232051
53.519542553613434
48.052638618727656
53.54514046524638
46.361747305188054
45.99314304832136
26.053221313143293
34.50949894774138
37.31980787879873
36.202142128005676
36.46151117696794
30.303295945181016
24.578882572190256
33.1210378802621
32.229391933427465
26.5797362753062
30.490410461970196
33.63843443635682
30.561780827626826
23.391632028561677
29.10675378949438
28.785832396471367
41.81182057354949
29.917750547746614
21.93622977417573
26.484590099362563
27.806728389756493
36.479852199103206
48.38249191950289
27.77853946203615
52.13968278335102
58.61211157035229
43.50503513178261
32.438383372999034
22.2876004094324
37.34209560447543
33.32666625438421
33.01090875968274
38.719830317836575
22.417751483758423
29.16572364332937
41.233409431302974
30.99468931308699
20.720301572039773
30.19922242777058
39.51288919066943
36.45173496178084
39.520224101442146
28.123317708267614
33.688686729281116
31.088714076210806
31.443150204681423
28.70839644765485
33.59493004651454
28.654674388175973
23.71014409347531
25.459800103123523
39.097904338984556
25.323153658724973
23.468120299421628
30.808276948448324
38.50707079393536
22.474380986500638
22.971419888891713
33.389750845345226
25.340056201232656
26.037559597230196
24.51815393629762
26.030579638349543
74.06485524413445
25.874331235466418
89.08304296638266
32.58328465275738
33.19893781567145
31.858984027448038
27.67668245115629
26.737520518187598
29.12759172367679
41.45288307034134
58.42636565719182
28.555824249029037
29.860986438613654
38.344947756625736
25.29552800894948
27.716688890892843
28.564364015015286
47.896494045438104
45.70822656381754
48.150869960890205
27.343857477824972
23.118784974875982
45.89812812735592
46.643270207241464
43.95542790946554
26.090536272729494
42.889572547144674
34.677522013959454
28.625881508562507
37.32723557912676
22.9743254844003
26.831000365048677
39.7387382396895
43.21390399781116
24.775049925275187
32.14569810906721
29.579183595295845
21.622811423163878
28.33045602294058
44.575927429230696
39.93013007029131
25.53856456370239
40.98240209618093
36.505232758425095
23.013339577530875
33.888546852896205
25.92856551885322
30.238222386669552
24.583326860181344
45.069730346635616
32.12235354712763
37.7653002570196
31.136846853956804
25.492152131569316
32.02602516956755
26.494660451570454
36.81827148958384
44.51833099392024
21.747902226301044
36.36541673322317
26.196114916613983
44.020890801140055
45.689978818657565
46.2955846646408
90.24877830852913
31.059608181686116
30.026243642162918
36.76944923513437
45.25074946162334
28.305179174768462
38.7233209680876
28.77606032495969
27.154931335763592
22.461165574303493
34.01556007726643
34.042179254575906
71.21231686126899
35.3544366118491
58.598411789108205
35.17621000412256
25.6881709740284
29.32723345403992
36.7382090234469
33.0884608716819
36.35941180228144
32.34170838161137
61.608260000569594
31.847021713708337
32.533531321231706
39.4501106896197
26.926533909435445
38.615159768422636
29.12815521301252
34.984143493676065
29.04868598780871
31.60173051739341
32.35661149886654
26.665213208868327
32.28663609481241
29.725337064010123
71.67927947015703
40.074027309568336
23.31567808579613
34.45626262099165
32.420073788298055
63.617227492461794
33.78275752063331
32.5262482156627
36.27704792092446
30.186865649097637
27.254346959704918
57.0479761736557
47.015274383090905
34.74791202537025
41.5436330046565
26.788573975474947
29.13016779673594
26.671169657968377
26.713112102565066
25.42356662077572
40.179467719293825
28.495892637552252
26.794651672864106
30.208426851628985
35.18528630706842
33.829206065220994
56.39572266629577
30.790225707532404
29.799266383269792
33.813308367843135
34.87206540495632
30.466447334925356
40.222113049339114
29.134849515563644
30.587677075969815
36.772514447980065
35.40987702007018
50.46811310436459
24.970502035846543
32.32121248068538
29.720037120894364
40.08815551091628
26.147830571650932
43.020035400387876
90.65455032860497
34.02726242337629
30.554922819420657
32.22259147492354
29.999729049430936
35.44300720135447
38.69502263391984
26.077804209683674
53.626149771015704
24.291531768136498
23.299890264283764
30.41337174813397
36.09304350328594
24.461279924243534
43.08506274727704
27.10726942358312
32.37345034858131
86.42394856903738
21.744587835536034
44.82820821839145
43.06828628312793
62.27665080533429
24.801287040653637
31.434647037559284
31.659898125433198
35.377395929279565
28.3001830067515
45.395421193985555
34.319608133091904
37.87751146849529
22.757256347697783
32.15240850081462
47.22177221093639
32.2159762323393
34.920034624308215
51.20953824116921
38.973094937918475
30.797017916537815
37.80623431076423
101.80199074778955
38.04568671141025
52.436039231741
30.037767908427078
34.23224192042127
32.485170918584565
49.63241731847477
26.490755035800618
34.71819019314059
27.51838429787652
32.858104658218416
37.68377898662188
30.369784235968368
24.033617852884447
28.8651566006785
36.58368452928193
24.836765040081676
47.95101541605939
28.886876449042735
33.2071887646212
40.34065302277579
36.46037590589523
40.78907624603319
23.290586008735392
50.692074956161015
39.17771157322992
43.65293685797787
23.543602068433664
32.04225971328855
25.58664959328588
29.220021125935453
36.04871128465196
36.03547268565605
27.997425413218284
37.33839467213221
30.614553991468455
24.401722473813226
26.739762833346422
23.64721364594997
93.11901321874758
36.76340065969244
31.727420114928695
26.40543917513574
28.679720175097735
24.076737543711232
28.244046872315998
29.16136322332439
29.43563319276493
37.55658679723391
27.63095670336553
28.56650788559875
30.415906336708822
30.695600338416195
31.473866435519643
35.16357203187092
25.532623159509463
45.44837818986884
30.362861407513726
31.80316406492911
23.067978181421463
35.79783052950037
25.77733191028293
93.82433558720722
24.668986561495657
25.977870687774182
23.8451785364451
22.850149750658133
38.74276387109012
31.885151564497804
35.658750593639965
29.575743357871062
25.99849144635834
22.437857742580256
29.94616703079076
33.45040015470904
47.000936379620555
33.91689096004247
31.0354640612408
30.026861025918826
29.63844260677922
33.272897415999616
27.827429937190107
27.324471305474606
36.40693259463254
30.75761842573173
28.642474549490252
35.52906339094583
33.29703971136866
23.673897619939506
31.984883967619226
39.81066635188698
43.56881904085721
33.07147699016521
34.23609624027393
26.535864651914363
39.48565845912175
22.632517540942832
32.921956754470855
29.694380746314888
21.92633490719514
19.62586206521013
27.723698636582007
22.94151989623265
33.26592448171179
43.03284806082054
23.892072449162796
38.003848876595974
72.77704764581762
44.660408510929756
24.24380053455467
33.39343952104851
26.37180251472395
59.61933554991563
38.159228127665415
50.87360095214048
41.80518357128968
47.42659849143088
37.63751632640832
30.379635906102607
29.810719445369696
29.663669895122624
47.94736657986986
24.413095375986067
29.09233013840897
30.163051533050826
27.522261496996833
33.88103851861669
38.48512153020402
41.16924191247829
30.82431469511376
33.67270648067057
32.0603048856093
35.428201299969245
28.893657316371005
29.650187398725812
27.373986171426207
30.183234503795564
29.00545333095045
31.601780154974207
31.044009472968092
32.175725921461755
43.72781912107909
28.478489489875624
37.302545591282176
27.446344037262477
24.1503119646863
41.98890595387743
34.37643280352364
43.23827187802828
39.988896839142704
34.52933215876044
35.56109400633438
38.5983398409011
41.47023324278482
57.29645332580311
24.35288113955189
50.5620853719152
52.598349933311326
51.364263717788695
30.21487074596183
29.106396946114128
38.464317466700926
24.827700521458834
28.554886193593607
26.48487530265597
39.09559486597709
27.157682556298283
34.62203677720954
26.426699005625824
26.440376915906043
25.90278193943817
35.35546787688205
21.896762908569738
24.311626961607622
30.740976492193
36.08400589750222
52.61638137129269
30.26913935720064
28.323926752298796
36.36523688470685
34.13233768155847
26.047949397900275
40.257187985331186
28.10707104644801
37.75508303258842
28.512294272646223
64.92304249470016
25.622487950357723
30.878079830496326
36.3579056870127
27.26483033414594
49.43210832360717
35.4550255788901
33.64501462700387
67.14586574536868
48.83407593385209
31.9859673150656
39.488874837951464
26.038344860283438
23.35834593050771
40.02805306985221
35.87030231459357
34.14669415291211
24.563548226112882
32.11607223993719
25.13802152408939
24.42694173640692
33.61081179851645
35.65041691119966
52.73556053598422
30.666620571129272
26.019456775484656
25.84329293455508
26.39335809849514
29.683581241037228
36.61090180156956
38.132753407707895
47.64246648610145
40.34481121222412
33.114152268499964
33.406537913261246
28.366219351235443
38.50092352295542
28.67789394370901
33.04075335534695
35.84948131797025
34.39680475040169
67.32862831948036
34.187197665162174
23.656774590601312
30.582961874991494
23.43817917995715
33.831349666033184
45.70087490277493
25.352218054432427
38.905888396234644
37.851365396560475
35.20288963321201
31.277818865591932
38.36106018778092
32.29541427969644
29.274663687329085
26.196690446806414
45.47571245470475
28.22749541757079
31.75497152521917
94.78211351903606
33.08465842624824
25.088103273735214
33.53213830635877
30.67503417035409
26.52836180793063
24.347153399794326
23.16607104696831
28.398024002062368
28.713875876294033
21.62523401875494
103.09520563497591
47.87175009074299
25.04465556328503
33.5789994622341
37.753813902266614
23.645768844925996
35.98599227832969
24.636679441108004
26.892721472143368
32.73849217003655
36.40560059855227
28.182739128939744
29.875116868548353
33.28929794269976
36.394627572745456
52.73270022506148
29.3548087084923
28.21177297597632
43.2802250879701
36.77943798410129
28.50010406813641
56.61090687191164
34.65725937123139
26.62918014733236
47.02787972921445
60.743804500893354
33.228048981774826
47.0542443748742
28.0203128598643
41.41945331352707
31.988647803055073
28.751176429490616
29.78897094527619
46.55804415872203
28.825515816775557
25.686625719206404
43.26505297779766
32.59532832051555
30.77685908487397
78.99575682550616
42.79819265876483
37.80665948175868
35.21378763730579
23.462747683455245
40.222809959624115
29.767401985126703
43.71318255529644
36.849569507960695
45.63656192811533
35.47255115308325
47.31716047733545
48.557274981020434
46.78817254928849
23.427707638602712
89.64819331175816
28.748394223916552
91.32829427424093
34.036278487081574
28.744286888534674
23.91052887514601
41.43106431914619
28.584101278473597
49.62196556499606
28.705994752280187
38.67712514967754
40.30851854068952
41.37421111170862
41.093584321480925
71.06445786951832
44.81017046913148
25.18199637461874
37.167488250955785
45.32882048034966
24.430969215176372
37.33964445539118
24.65373607672884
28.54912265256401
32.981560523619436
51.52817907838285
27.140713936467765
26.95806338497805
47.40623919702329
28.858050515878993
39.864050190411525
38.572298350105314
31.211184873761866
35.22589751505742
72.7864374101397
33.181661169848695
33.61237408731748
39.49238890422139
51.63175781163737
26.893381617322902
26.10752803768551
43.83534588636115
24.431673616149084
30.622679431718634
47.67117279782757
40.977760398134755
22.636025565726452
25.356105977109163
60.94331348985363
30.449324138979755
25.132284828661312
24.844874688384387
30.6674146905467
25.478164100657054
25.386878086528743
52.24359491431361
31.79516262752545
34.69458733366856
28.03547262486741
53.20999421573334
34.38477639912645
36.56017699481492
33.426203243612775
31.435392743483135
48.06283039140278
28.36418811572881
51.62569539931185
27.33395609268946
26.251987196965327
32.231366669776534
36.734123953447515
24.96426135909498
54.237430752447075
27.91599434678342
104.20530604938067
72.56040215343796
33.4538051775326
32.13402004506236
38.32490068176898
62.880066020243795
36.0335925813062
38.854195231095616
25.634298604478225
26.171750677527555
27.380144962888362
51.37844888901193
86.63212543674555
53.422796656906335
53.85065219779409
27.70233650504302
36.0533375011722
40.208918997347915
44.32623194658337
41.13995089819265
36.00221401844107
37.46003303207511
28.7195557863622
29.409378892474702
45.923755770740414
38.855553743095435
26.474205002145215
31.57996286383505
39.74008238757723
38.13130684902444
28.72387921391712
35.13948199395044
39.94636660714094
65.18124924904181
30.52905391412548
25.80318535448248
27.524789686633323
35.99310936269088
26.783439070026905
27.968039840320245
32.725963877914836
37.629187568022054
22.841754675951638
24.93561170841713
50.38200708649981
29.664381250424448
37.511977822818494
34.040055357461505
27.545347568658045
44.28772167536153
34.077121573788006
33.162123947837586
51.699983094813064
32.22180866482229
26.88016009797642
37.41033155645358
38.288014520203184
25.84298200181438
39.15099814569882
27.701432491195273
42.75781890462769
37.518345658323476
46.37759920224767
28.014843531739523
30.915905612486174
26.015815084901835
25.213816707705515
54.11181342817559
37.29403398425185
39.487849158851255
33.728694580635874
25.62349609026586
31.377317426468075
32.865197973006275
61.84223166448489
31.916475345318712
43.76884101750981
37.114033068370965
43.911727585356786
70.82061871415029
28.218560387347004
37.497359661997805
44.013811903447014
41.878192860241995
28.833832340691664
30.116245673834353
32.95710334542299
40.251487396906874
30.699545671748133
41.69976132050918
54.25138498002821
22.77323787569478
30.132871830754766
48.33087386758912
36.57807488570517
31.402188449610463
42.455968774271525
52.049973197168235
62.587592914198204
51.045571231775824
52.25232652328368
23.318111937860085
52.25841377999831
29.91129627392925
28.892098902022443
34.62634488202396
24.032469164162492
43.813417225702615
47.886143478750704
53.41187783185174
38.37797648485348
25.251617510796745
36.18208818476363
27.437823367815618
29.53809299069641
45.285755483340346
37.42697720782024
29.90321722486941
29.787513424373575
27.278253764669042
38.362939768278565
30.95182701200531
38.250223405397364
38.79602995895447
38.0715645043706
37.572465396764606
51.30666954201384
30.946353326376023
27.090709088620535
38.404884341854
29.462913957091786
41.472760394895964
43.9694012621754
28.35213593852621
28.86027278753862
29.35120511176288
43.83140339820783
40.5812039593179
27.513803929108285
22.112214358275743
27.002206967623636
25.86277734192727
27.269195778564004
33.072222768456825
60.179409113962265
30.065679786857185
25.672031863113514
36.11134654344585
28.074706303538065
38.945728390675335
44.102741689635984
44.88131492793002
30.167293781951866
54.06688304249158
32.78624310266655
23.563907476945605
43.771726779387954
22.14471978641252
43.288353638434
33.89116442868327
44.34799952550636
42.316865476354266
28.138883335479658
25.928239348200794
42.64925356067503
36.34205493824485
28.453394860255703
29.411071397336187
39.517804425749425
33.408435121665725
32.358960934498114
30.71062367771015
22.597060642556862
44.859515549457086
32.849869216549756
33.379897250809165
40.130855023098924
25.28874589505057
24.827829941037272
26.374128677357508
42.79683032113106
36.231699283829606
47.2158296758195
32.41568556054412
25.76377316194963
31.92174842814052
37.60517377097078
33.422262567357635
35.673354920946714
25.83790366720247
24.18817665127936
25.165728308748886
38.28824859460489
62.750203102686996
35.031656945836424
30.255150969181734
40.10641602524254
35.000770022820646
26.556279505391448
31.62803209829961
24.442664686173668
28.510090146951217
24.76355528591643
50.24220652162147
28.97258781762588
34.09412222331019
25.833855119260573
26.218404176044213
30.942159633176235
31.25585090446408
34.71762133164297
27.186717660974526
28.15171429981266
26.67194266684981
36.81804373415566
35.51388266130276
28.443407280177357
42.65076922761848
35.99614375482783
24.646274559984686
43.562744262215226
25.863158315593402
26.628150150424936
26.58244470033907
24.843815257498566
29.290142212239694
38.78528698908157
49.55314630860762
34.26128642877426
27.676161662612145
26.36296576542537
25.602722163690338
34.12384913222174
27.265119893759014
38.463697243752826
31.35587550421762
80.83372016706055
27.32578836177358
71.22398125611764
25.209517254099396
33.91662828171213
29.907950986432617
27.33591894941506
31.98991448005406
26.113234407833595
29.38202796380066
29.419315080684733
25.159291489899502
25.46312374137599
31.564305969477633
40.14476026382397
36.34058276067512
22.969502286952192
40.8675084371778
27.188146938767936
24.18336169859325
27.052543090483784
31.24958969005442
29.25743772320289
30.88388096504007
31.71654920504745
32.1559841686533
29.920347151782373
52.147160038309465
34.222292867080974
26.08811063703039
38.59338607759121
26.581502158330327
38.439679915380985
34.5984002728408
26.076857101836428
32.1414907712403
30.514919157737182
30.99387975332721
34.16103120196731
28.41453396429681
57.87873436117825
36.44282402451006
25.558736639123467
27.659597870567428
23.110039656575644
35.633761970794914
24.467641236235405
31.637869655023852
35.52191081712141
27.231955752293302
64.63504155077375
33.51526317984883
39.17093261606626
32.60695317103785
38.4696208695598
33.85894672695457
50.31703108354563
38.48023666745493
30.153787715454634
35.42261677668104
29.774349681255877
27.210434181354447
48.238591710139886
32.55660635259227
24.93802039210439
65.1980634501359
49.47767288712565
27.997225334828954
25.4039541621168
29.5929701105996
29.773818005001004
27.478814199104495
32.84716997727156
34.05110923406112
32.99723869621135
29.35549470716544
25.59334985013481
29.511462608382846
25.7577442474516
37.07321334114285
36.10644427791524
27.94136283233061
30.513569060560805
32.09711390947431
73.62872226964848
42.70689291009879
41.87018177133812
64.22789767518017
66.3754078915556
38.428343756332026
29.857787268884685
41.54953423810567
31.347936958126695
37.39294429611823
36.044520167380504
40.44941347387994
29.199820551385237
30.551963289875697
25.50061512293601
41.490855435515456
27.00846570192607
25.621111785465562
41.09481586587543
28.928054049457653
29.754051066957008
29.754868549796225
30.466952268313737
25.39974059795468
27.831609105116065
25.98375612561458
32.27985259089743
44.312443915696996
27.207498200681595
31.14965588997729
32.098410786538594
47.420922083044445
42.68320056098734
26.86725274635403
23.962734288454904
34.03321561848517
28.617872954825774
31.26227083893242
30.36864966705081
29.32536665596979
23.420733091156727
37.83022631902236
49.00890787464546
43.87795550685602
31.668451557581648
22.480445236180778
25.43498571992651
32.814779518680204
39.73459253021835
37.330710422442614
37.56946646379303
36.85894311584062
24.8856540207901
29.808217744494854
33.29039804307832
26.56132748182885
27.934132625686246
55.73656420596799
35.3838827551765
35.370876940949294
29.892514626425058
29.98362300267996
36.38032646999532
33.97839937612207
56.410547329398185
23.35605018792586
26.6099676011761
25.80905466186095
59.153553762594605
22.54309006344811
50.18238731404975
43.215205464287756
28.233549873616525
29.58935941899322
42.44596344363287
24.777484404889588
52.67042471927154
28.02143929398601
41.59012172621664
31.58187805269163
39.87594859829936
28.77110326808121
29.489482983063546
41.723635044555984
26.790243771912365
54.736448247772486
38.05460383776465
23.166065417660676
43.62970863474134
25.253247153065516
26.77441633455525
30.48575616946193
30.412737902671903
30.742021758731884
180.071574733776
26.63472980442451
36.84536065569276
26.894642223828065
21.692527235310536
22.756932902182403
49.14611965981519
29.080511040856393
29.591524315623904
31.326125372685894
29.51270511294911
24.945639306752767
55.29453788988668
31.458073072032523
38.98194136058666
47.630777068114
30.25490199991366
34.3719260202168
29.415201742803458
37.163419263391816
26.799404982683726
22.922629839183276
25.545414496519875
28.037875584943116
40.09083015501452
48.000863124151564
39.82756120595871
35.574667349662946
53.6964237893554
28.215380013289394
29.248143897937428
37.218666714098745
22.78931128861318
28.33131119834668
24.56484719187799
32.38284451622343
28.18379463008665
48.756400279031475
34.169417688468194
24.785196693952678
22.494848077529355
30.33079231804379
38.57371733087514
43.73954492964059
46.24243135305869
31.708883549022126
32.17903707537889
53.86511877428848
39.168877669586955
26.690759732918043
43.636051740911235
45.410787873992085
50.50191109985187
26.302390167051406
33.88654361316952
30.145092250321905
41.123039705451305
29.293224582002924
48.67894535890255
40.61859673976629
27.067926678908258
45.97979272511988
31.64906481236889
55.59755932938302
83.57311497957144
27.009304977547565
26.810783811164008
29.663480754115387
51.089367490085976
50.458127587590006
24.909981266172522
25.570913005607288
50.81834345044555
27.480257295507748
30.562602256582892
26.715933287125182
22.681677122036632
44.30484604838532
33.30315895989208
52.418330813363106
26.45101998953895
44.22952323138388
34.11200395574511
29.19529262367578
34.19561664285117
52.40656318389526
25.46124301102333
37.039296874801664
49.541741976392466
26.539633113830533
31.26765476389287
34.289882920646214
39.491400908664254
23.445126748667338
23.366122598433652
51.230330077307954
45.576919752463695
36.49510515899584
24.579867018635632
31.773736397035577
33.650809096260495
27.557609447241727
32.8146738854013
34.7818876814731
27.659567088369506
40.07720504214116
24.770189190211553
22.69453516671719
27.8198087896338
31.699865952302076
34.23912588822945
45.743076705889585
38.94581586543777
22.36185409897895
33.39777576281331
20.60392483677094
60.68836772270805
30.79256894429033
34.28669452198873
32.01597387597588
35.714207439273075
36.48657587873481
55.474747580110474
27.506421657291142
48.89443925792472
40.01750733930102
31.284585004386525
33.41058348997099
58.69767366284676
31.976175998844862
32.667680563093725
29.30315838125803
48.59989607941998
31.37759893132828
39.63596172460606
45.19071848863289
86.71200355646056
52.292949263760526
22.82349292493741
63.083089913103194
28.872034983966547
34.12365706127774
27.811874278589034
27.78681862945619
30.966915138578294
26.292511584841726
23.652250645795128
47.67256679470276
30.90174471387027
48.430996975236454
43.22323567222891
26.461591665474963
27.86704879731872
31.99849279758721
55.47290683325663
25.891192884561125
42.93888418816542
42.72137451566272
34.17744938193878
39.97131916518175
26.498347809632048
34.86579146653333
24.473603207743043
51.318342282664716
25.148843375137858
25.470291974882073
24.218343668987416
26.863711170655453
24.59081907045983
37.34833081879179
45.90044495256875
72.9990585880347
26.983245186106323
30.399601254636472
24.61397561490753
31.92258343795798
24.44383371301989
43.40508831921604
26.816921375436465
98.11558264643537
33.82202471395567
28.692482764279877
38.24004219193179
38.131476593703276
33.84022361460637
33.48140436403683
34.33608119824859
26.093662846911293
36.944767238043504
37.13881951862294
30.887070902346075
30.805888802202443
40.86404351465978
71.79830943433237
51.02512418801592
62.10125629026703
33.95321594519014
32.32768130168011
49.77651720043789
39.32094240636522
93.38827970012744
95.25162280192811
30.021361669770904
74.20021154442665
40.42370291916084
25.199075678173475
43.631646751823
37.13207886868238
24.054954287095388
43.85606534908309
31.44035899564459
23.55407569569063
29.76026881956746
26.512994152622717
24.512704010860414
25.403287145657643
28.53059147891834
43.15903935113917
29.108976548531476
34.332831068208854
32.82712011536496
39.51236529447811
66.34660655950167
26.25975644864293
23.560445024205567
44.656442958149775
34.77801215862197
30.7915967717202
39.38200924558408
38.39645793184993
28.401785218281816
27.003268792525596
25.087694681838933
38.787379006879554
36.794337440657266
29.920285916687185
28.874499459217155
45.59144269999586
24.72710155201803
41.50888649773456
52.66663961193482
42.372880644141425
53.980428649693316
44.41095036349861
28.820112523564358
33.04528046072636
33.47073130206527
33.4282681775626
35.05598333316385
41.00400837553124
32.689520531311764
25.18197472308729
21.814690236227413
36.14229934111462
26.09723865290503
30.43176164701096
34.06930478226567
25.28141805925866
35.43007036224362
27.731568790333107
48.85220044920293
26.145964317808094
37.20665172873489
33.41838635201181
30.3933486279075
44.456507226614136
27.40407927048531
42.20298147217479
26.2526016849444
42.511396572620626
28.89915122719312
43.92887589129552
24.17811614161647
29.459711516968735
94.16913566166815
33.64271937316657
45.58933264501519
58.447152270254165
31.841514162555438
30.520383790737334
40.6578956517425
34.45020618153544
87.3235153160386
36.29313938220326
31.117043504699847
33.34041033092428
47.601636510435924
37.64088189576708
38.695555368309705
33.962556553431284
23.661216425871615
90.79389785684836
25.750475469025297
27.606423475797044
29.297672651462566
35.88567443392793
31.415780963690292
34.070627980553695
29.62323591771456
37.2529099686085
35.67274161212542
33.736085145021164
30.053276978189185
57.39371085560743
36.65649926264555
29.23408089235776
44.440068699368
73.41541000839291
26.65646422751936
33.61637799296174
24.75375782394098
36.18163457990768
24.552205449147674
36.73872149621543
25.961728515494666
36.20431757029238
29.87539507481883
26.17576996925802
28.225998872382675
76.93328254215692
41.33425855116323
23.093612876935943
50.76162271999602
36.519497483663464
25.448451241046047
27.83259937801298
25.165091101421837
22.45421277999391
43.738012404069615
26.575914728490524
30.098791832113065
50.31101991094627
33.64661865689528
26.603818921915785
30.649143982688358
44.29295233831946
37.61723025880338
29.946651734427267
32.979196348440865
41.33096525968523
20.84518538160335
24.32007140705746
25.377774533370616
19.506327732344364
26.07078422050022
28.677961152171502
24.979897972377763
33.13332986116296
26.28733775610282
45.095106406823675
45.62930870052026
23.924934134452414
28.895855957394478
23.87331549462578
28.711282793967037
37.07243044683714
34.448406193041585
51.24632294035345
32.88105221395911
26.287754524434465
30.235656913041232
52.93892836579833
36.13097144111025
26.747560413115373
42.820929704409615
30.984705179469483
42.9127750972611
29.06524077686044
37.182976860498435
33.3375366530414
53.964875755508814
31.506691336327783
22.86487598417053
85.76186547672985
35.66108530579614
25.592189168369156
32.57333800462735
33.96513827136717
25.137127400802598
43.03045863751324
57.02950279136238
30.375081100331787
36.64338690285213
32.5326058977734
28.489221622954155
45.82897213146077
57.17671675485539
33.228133198687246
47.77557652899036
76.09563702146947
29.66224598928006
46.344384978462784
44.97266769365408
37.230281029467776
54.47156197155509
32.139258473929026
45.43375039416858
32.117340578255266
41.615099261611405
30.147680079877414
24.401655034070433
46.3435071649098
36.97433958205949
26.60057820254569
40.27511885180612
36.50546712089066
30.72475750916768
37.32107520029287
43.77170550676803
31.544170360938057
36.814020147105616
37.3578907426976
32.41758513632889
28.391328166989098
35.818515218844006
26.697632957985956
24.823132288136556
82.81987821098325
29.75564582995185
31.52693013444904
39.1088038030792
22.547585038377143
35.75810709451278
28.09761646547488
28.166782088716175
27.372812811976612
31.294719066596894
35.81774608352179
25.106839044663026
27.913465045901614
30.826958248580205
33.08616731123504
22.718103005318508
20.237988708222773
35.953120782442696
30.199103577123584
25.097878293385815
57.73753584522832
51.15255519844117
33.691520918352225
48.22523116248126
35.340746674442755
32.17514894884381
28.561652109613842
34.76859685534744
32.17002981946122
46.53022736385545
51.440590843460164
43.309516574300915
52.58734635477818
46.76855078219777
43.27160808194944
28.503408217285905
27.334155741436412
30.219973784072547
52.822668533549646
45.990098113689704
28.248424302602906
40.50419702264506
31.64650736095389
28.94100733860206
29.38971972718196
25.286380400244038
39.709602561010755
46.68052759270556
43.64003938979493
37.48984141284368
43.15903500783226
42.086350136572925
30.878259728674998
86.72334790394788
25.627033945342053
33.59922997129829
42.7457081948995
24.8324189794578
36.37082630271739
28.172363089918438
179.41922699989124
53.12332673679374
28.623443829813557
25.462641955485196
40.40395663646613
27.278273702720778
32.30205008203846
87.30911867457027
30.091779724568358
32.7842702233752
37.806509177733936
43.01226969810895
26.80920330206699
28.988081432825954
24.205184640284255
27.67470789457064
35.831404080844386
24.09209705687064
34.1729749252519
48.06496783079832
45.21995194779293
30.48963623910815
30.419409413932943
26.89466476452133
33.72147211848464
45.76488452075179
70.07096095816347
55.61336135869066
35.378864810193384
37.95249880121096
40.80148482991331
26.700132087999584
39.29331710027508
27.89869846945965
24.839688784485464
33.9212748166943
40.5312824555678
30.278833673278474
31.86704039199023
24.778023705880464
40.564758605115166
33.24013004047658
37.29540216546427
40.32918864395382
30.38437714338619
38.65896297096804
36.40746442354057
22.967420258014414
37.38686017404372
52.40546055199316
25.70595331447555
23.771253419171064
23.882681806356295
46.462051980036065
26.633192816238736
29.272794700149372
31.046511060089166
47.27131710636847
52.67751312972303
44.65249027016367
62.627918737031465
36.32904630964968
46.709975148818295
26.02047689547581
35.70532384943071
27.56743632584231
44.558013447297306
27.3031596857708
23.36035518972662
27.945467312526915
48.39228952921006
36.68837516604209
27.682952933311892
30.795760045408205
55.752536511821525
45.859909887047785
61.78000849145664
28.367823840462187
76.96031372936297
30.739262776841958
27.033328468399393
37.38101838768896
32.08253347476571
30.190847318943362
31.252187963579342
43.28072997986414
39.87340549346671
33.03125759038796
29.006297080033317
23.40025841867279
41.282178032441045
41.41292778678855
23.372606762401357
38.133689885077374
38.182942011239035
38.48104255442186
27.95956656193282
33.38025080266369
35.324335598403025
44.172257424687714
48.881406968817764
28.32888273286688
29.302891127832883
38.86526069179995
35.30291319069263
61.876174505434854
26.35204702029991
28.87761649600906
30.195883859352676
32.85413112951853
62.02877508877982
43.125469409697146
30.338236277705683
105.11796828378435
29.028249461762098
54.59217774171641
33.19753269095749
46.75605970479412
30.547799662007357
40.02660040039294
38.82960585368805
40.91131736503567
49.99451029654105
29.33730376975229
44.33057331400042
64.20060093288508
59.54434675777468
55.098091773553094
35.7146339384108
51.934038663675196
53.67462846526919
56.87957203798927
24.558866946624796
28.972743083875077
33.19502409598883
27.93329929090883
31.84566403743755
44.21458271880225
48.51520767041252
48.18291680672016
37.7055795933109
27.007286616364475
29.420022024085586
32.01482703286738
32.91811261442223
47.21506830037663
49.66060172041641
33.4936694419694
34.31112313257865
26.41136878694077
37.35623512667245
30.856241479643028
26.99805893305101
34.24130876183216
27.451616463624983
34.56739610307671
