5 4 -1
6 4 -1
6 4 -1
24 19 -1
62 36 -1
24 19 -1
131 114 -1
132 128 -1
101 48 -1
48 35 -1
164 61 -1
131 114 -1
107 95 -1
186 144 -1
221 196 -1
196 76 -1
92 71 -1
129 37 -1
221 196 -1
196 76 -1
102 34 -1
407 306 -1
339 311 -1
405 349 -1
78 56 -1
56 48 -1
48 35 -1
254 50 -1
504 361 -1
496 453 -1
327 270 -1
499 278 -1
278 256 -1
460 200 -1
390 210 -1
596 454 -1
329 300 -1
29 14 -1
511 473 -1
172 93 -1
119 67 -1
555 420 -1
463 202 -1
325 248 -1
248 197 -1
505 466 -1
329 300 -1
322 139 -1
432 312 -1
312 297 -1
293 91 -1
228 114 -1
232 194 -1
559 362 -1
457 387 -1
827 820 -1
703 662 -1
834 739 -1
305 145 -1
753 615 -1
885 763 -1
918 880 -1
770 452 -1
509 446 -1
382 182 -1
943 928 -1
254 50 -1
489 172 -1
172 93 -1
496 453 -1
132 128 -1
342 199 -1
217 136 -1
151 116 -1
842 366 -1
1013 973 -1
187 173 -1
836 711 -1
891 845 -1
804 746 -1
927 742 -1
535 524 -1
512 63 -1
63 16 -1
808 47 -1
47 3 -1
824 500 -1
486 404 -1
888 868 -1
886 718 -1
867 308 -1
834 739 -1
953 435 -1
722 524 -1
1103 1046 -1
1077 981 -1
981 789 -1
810 546 -1
717 529 -1
612 235 -1
235 138 -1
722 524 -1
1000 721 -1
596 454 -1
994 831 -1
283 216 -1
216 120 -1
854 485 -1
1065 829 -1
556 378 -1
791 592 -1
866 743 -1
888 868 -1
406 245 -1
922 448 -1
389 231 -1
999 650 -1
1012 902 -1
1228 1174 -1
600 497 -1
1146 855 -1
1020 802 -1
1104 942 -1
1081 995 -1
995 748 -1
847 632 -1
431 226 -1
226 95 -1
187 173 -1
1246 1048 -1
1249 815 -1
1154 1040 -1
901 779 -1
83 59 -1
539 198 -1
198 30 -1
967 179 -1
63 16 -1
940 684 -1
528 465 -1
1007 564 -1
1153 884 -1
884 642 -1
432 312 -1
312 297 -1
1000 721 -1
305 145 -1
1165 828 -1
953 435 -1
1083 775 -1
1193 1064 -1
847 632 -1
965 883 -1
1171 1072 -1
608 594 -1
936 845 -1
1280 1212 -1
614 229 -1
979 872 -1
943 928 -1
1218 832 -1
832 719 -1
1275 862 -1
461 168 -1
1251 1175 -1
1111 624 -1
967 179 -1
867 308 -1
1401 1382 -1
1382 1345 -1
1345 1188 -1
1387 1085 -1
1085 550 -1
1447 1436 -1
1084 604 -1
1402 1208 -1
1068 980 -1
1338 1264 -1
1392 1283 -1
819 420 -1
1332 750 -1
750 426 -1
1157 701 -1
1406 791 -1
791 592 -1
803 599 -1
1204 760 -1
1190 658 -1
658 233 -1
847 632 -1
1426 1363 -1
1363 1033 -1
1466 1143 -1
1142 1062 -1
867 308 -1
986 711 -1
943 928 -1
1116 796 -1
1543 1529 -1
575 328 -1
1524 1425 -1
1425 1292 -1
1477 1234 -1
1234 883 -1
1595 1557 -1
1552 1498 -1
1559 1349 -1
1590 1441 -1
1441 1297 -1
1160 1118 -1
1434 1378 -1
1034 377 -1
1198 680 -1
680 464 -1
1634 1629 -1
1331 688 -1
688 556 -1
556 378 -1
1520 1031 -1
1294 322 -1
322 139 -1
1296 599 -1
1572 1343 -1
1343 987 -1
987 506 -1
1609 1326 -1
1555 1547 -1
1571 1458 -1
1491 937 -1
1665 1328 -1
1328 1203 -1
1393 1246 -1
1246 1048 -1
1561 1527 -1
1591 1275 -1
1275 862 -1
1431 1315 -1
1315 1128 -1
1728 1533 -1
1545 1036 -1
1036 908 -1
908 600 -1
600 497 -1
1248 886 -1
886 718 -1
1343 987 -1
987 506 -1
1609 1326 -1
1607 1453 -1
1453 931 -1
1708 1671 -1
1562 874 -1
874 691 -1
691 464 -1
1643 1430 -1
1806 1766 -1
1766 1755 -1
1687 1538 -1
1554 1532 -1
1694 1285 -1
1694 1285 -1
1494 1044 -1
1773 1428 -1
1428 1127 -1
1644 1535 -1
1846 1821 -1
1821 1782 -1
1733 1528 -1
1930 1894 -1
1981 1972 -1
1979 1978 -1
1999 1995 -1
1988 1965 -1
1965 1862 -1
1862 1380 -1
1380 1168 -1
1168 213 -1
1965 1862 -1
1862 1380 -1
1380 1168 -1
1168 213 -1
2015 1975 -1
1975 1460 -1
1460 1031 -1
1980 1843 -1
1843 1389 -1
1389 969 -1
969 519 -1
44 0 -1
156 36 -1
187 173 -1
94 65 -1
17 14 -1
278 256 -1
111 75 -1
325 248 -1
248 197 -1
325 248 -1
248 197 -1
389 231 -1
368 272 -1
62 36 -1
371 360 -1
405 349 -1
363 326 -1
417 250 -1
277 154 -1
545 263 -1
323 102 -1
102 34 -1
495 393 -1
504 361 -1
302 209 -1
431 226 -1
226 95 -1
327 270 -1
766 606 -1
505 466 -1
396 261 -1
284 231 -1
505 466 -1
417 250 -1
538 411 -1
411 296 -1
756 626 -1
692 290 -1
946 640 -1
496 453 -1
961 462 -1
294 239 -1
918 880 -1
505 466 -1
666 395 -1
810 546 -1
648 619 -1
527 441 -1
920 687 -1
836 711 -1
1091 949 -1
809 581 -1
943 928 -1
858 638 -1
527 441 -1
612 235 -1
235 138 -1
768 606 -1
320 75 -1
975 126 -1
1204 760 -1
44 0 -1
995 748 -1
1066 412 -1
697 137 -1
1277 776 -1
776 679 -1
1000 721 -1
961 462 -1
1085 550 -1
1170 972 -1
1238 992 -1
992 663 -1
1133 972 -1
1113 326 -1
411 296 -1
1300 1025 -1
1025 360 -1
371 360 -1
734 563 -1
1286 1132 -1
648 619 -1
1098 871 -1
871 593 -1
975 126 -1
1059 784 -1
1234 883 -1
1354 1131 -1
1073 712 -1
712 489 -1
489 172 -1
172 93 -1
1260 865 -1
865 403 -1
1016 903 -1
903 772 -1
999 650 -1
1327 964 -1
964 957 -1
1228 1174 -1
323 102 -1
102 34 -1
922 448 -1
1091 949 -1
243 54 -1
54 10 -1
923 583 -1
1335 1196 -1
1209 1022 -1
1218 832 -1
832 719 -1
816 412 -1
1354 1131 -1
1304 1242 -1
1228 1174 -1
988 493 -1
493 281 -1
1336 783 -1
574 289 -1
557 286 -1
1210 825 -1
994 831 -1
1260 865 -1
865 403 -1
1215 1187 -1
1328 1203 -1
1247 1074 -1
1074 513 -1
819 420 -1
1382 1345 -1
1345 1188 -1
1294 322 -1
322 139 -1
1156 582 -1
1365 1264 -1
1431 1315 -1
1315 1128 -1
1284 900 -1
1423 1134 -1
285 29 -1
29 14 -1
1280 1212 -1
1273 605 -1
605 328 -1
1218 832 -1
832 719 -1
1454 1259 -1
1116 796 -1
1368 964 -1
964 957 -1
1284 900 -1
1554 1532 -1
887 384 -1
1480 1151 -1
1151 1035 -1
1444 1381 -1
1416 1282 -1
1559 1349 -1
1590 1441 -1
1441 1297 -1
1473 1311 -1
1531 1320 -1
1555 1547 -1
1013 973 -1
991 629 -1
1396 1341 -1
1341 1078 -1
955 718 -1
1327 964 -1
964 957 -1
1454 1259 -1
1327 964 -1
964 957 -1
1276 900 -1
1024 779 -1
1574 1051 -1
1513 1222 -1
1222 688 -1
688 556 -1
556 378 -1
1513 1222 -1
1222 688 -1
688 556 -1
556 378 -1
1578 885 -1
885 763 -1
1114 998 -1
1543 1529 -1
1567 732 -1
732 337 -1
337 43 -1
1689 1628 -1
1710 1592 -1
1402 1208 -1
1701 1580 -1
1667 1611 -1
1713 1662 -1
1662 1519 -1
1563 1518 -1
1393 1246 -1
1246 1048 -1
1696 1596 -1
1464 903 -1
903 772 -1
1697 1279 -1
1279 989 -1
1604 1504 -1
1504 667 -1
667 201 -1
1698 1576 -1
1124 779 -1
1073 712 -1
712 489 -1
489 172 -1
172 93 -1
1545 1036 -1
1036 908 -1
908 600 -1
600 497 -1
1691 1593 -1
1593 1161 -1
1545 1036 -1
1036 908 -1
908 600 -1
600 497 -1
1491 937 -1
1637 1553 -1
1553 1511 -1
1595 1557 -1
1087 545 -1
545 263 -1
1665 1328 -1
1328 1203 -1
1427 876 -1
1689 1628 -1
1603 1490 -1
1490 1323 -1
1630 765 -1
1577 1244 -1
1693 1419 -1
1736 1704 -1
1542 1332 -1
1332 750 -1
750 426 -1
1714 1660 -1
1778 1740 -1
1332 750 -1
750 426 -1
1794 997 -1
1418 411 -1
411 296 -1
1781 1741 -1
1781 1741 -1
1801 1767 -1
1766 1755 -1
1814 1575 -1
1708 1671 -1
1841 1762 -1
1664 1609 -1
1609 1326 -1
1844 1777 -1
1777 1624 -1
1866 1765 -1
1903 1847 -1
1847 1633 -1
1633 1462 -1
1462 1295 -1
1295 984 -1
1612 1217 -1
1900 1889 -1
1889 1813 -1
1785 1545 -1
1545 1036 -1
1036 908 -1
908 600 -1
600 497 -1
1945 1820 -1
1820 1449 -1
1449 773 -1
1796 1653 -1
1957 1748 -1
1748 1551 -1
1938 1816 -1
1816 1615 -1
1615 1076 -1
1962 1943 -1
1850 1824 -1
1824 1698 -1
1698 1576 -1
1991 1917 -1
1917 1897 -1
1897 1802 -1
2022 1861 -1
1861 1714 -1
1714 1660 -1
1928 1700 -1
1700 1166 -1
2020 1924 -1
1924 1758 -1
1758 1584 -1
2003 1998 -1
1998 1986 -1
2029 2028 -1
2025 1907 -1
1907 1585 -1
1585 1371 -1
2032 2008 -1
2008 1999 -1
1999 1995 -1
1865 1496 -1
1496 1298 -1
2035 2028 -1
2035 2028 -1
2044 1929 -1
1929 1875 -1
1883 1786 -1
1786 1474 -1
2047 1964 -1
1964 1848 -1
1848 1792 -1
1792 1727 -1
1727 1657 -1
2042 1948 -1
1948 1738 -1
1738 1415 -1
1909 1579 -1
1579 809 -1
809 581 -1
2 1 1
1 0 1
7 2 1
10 8 1
9 7 1
11 5 1
12 11 1
15 13 1
16 6 1
20 18 1
19 14 1
25 12 1
28 27 1
33 6 1
28 20 1
34 20 1
18 3 1
37 32 1
30 9 1
41 24 1
36 0 1
38 22 1
45 21 1
49 8 1
57 39 1
58 22 1
46 10 1
38 26 1
43 22 1
64 52 1
50 42 1
70 26 1
69 21 1
67 40 1
51 10 1
59 50 1
71 60 1
40 35 1
80 60 1
77 62 1
82 80 1
86 65 1
55 42 1
84 59 1
81 75 1
90 61 1
91 13 1
87 39 1
99 53 1
109 53 1
105 93 1
116 58 1
117 100 1
76 25 1
108 100 1
122 71 1
74 24 1
125 89 1
110 96 1
120 66 1
121 68 1
131 106 1
137 43 1
132 115 1
105 87 1
135 99 1
143 7 1
110 13 1
127 96 1
142 51 1
145 101 1
115 52 1
123 26 1
106 65 1
105 98 1
149 74 1
146 87 1
152 68 1
134 125 1
126 25 1
117 69 1
141 37 1
161 68 1
150 97 1
155 97 1
166 69 1
57 21 1
66 55 1
157 153 1
158 134 1
162 120 1
61 53 1
159 138 1
152 133 1
182 169 1
147 46 1
180 110 1
183 178 1
181 170 1
173 69 1
179 122 1
163 140 1
189 157 1
171 32 1
167 159 1
201 32 1
200 174 1
204 30 1
188 170 1
193 140 1
192 109 1
194 98 1
209 150 1
191 170 1
203 163 1
136 41 1
210 89 1
197 13 1
141 52 1
139 74 1
164 112 1
205 191 1
208 97 1
148 140 1
225 148 1
223 30 1
224 200 1
236 162 1
169 89 1
229 51 1
175 90 1
239 136 1
234 220 1
242 27 1
163 112 1
245 219 1
144 135 1
178 106 1
181 165 1
237 175 1
212 90 1
168 122 1
240 131 1
211 202 1
251 123 1
260 70 1
261 144 1
251 207 1
153 107 1
230 215 1
267 123 1
269 219 1
256 81 1
266 68 1
264 259 1
253 188 1
271 215 1
231 161 1
205 40 1
276 141 1
280 238 1
264 262 1
279 182 1
233 97 1
250 168 1
270 133 1
296 227 1
272 268 1
154 81 1
273 81 1
289 199 1
242 220 1
265 169 1
303 220 1
259 154 1
304 64 1
258 211 1
310 186 1
309 195 1
213 66 1
311 171 1
292 239 1
318 70 1
311 301 1
275 41 1
286 14 1
321 165 1
324 238 1
332 307 1
157 86 1
271 244 1
290 148 1
307 288 1
299 297 1
287 219 1
313 281 1
319 108 1
340 252 1
263 227 1
341 221 1
336 298 1
343 287 1
333 195 1
295 52 1
332 308 1
348 92 1
299 195 1
316 255 1
357 57 1
354 306 1
344 341 1
362 211 1
300 128 1
230 189 1
350 258 1
372 364 1
364 246 1
366 335 1
356 335 1
287 246 1
351 129 1
338 13 1
373 319 1
367 258 1
238 180 1
381 315 1
376 55 1
349 331 1
369 230 1
326 252 1
361 3 1
384 328 1
315 298 1
303 82 1
272 199 1
395 288 1
377 9 1
381 147 1
370 317 1
358 234 1
386 375 1
398 240 1
397 330 1
391 319 1
414 346 1
314 142 1
246 77 1
249 230 1
281 138 1
404 291 1
418 128 1
402 274 1
394 370 1
425 347 1
426 158 1
437 314 1
429 385 1
392 269 1
433 212 1
434 387 1
442 313 1
441 335 1
399 380 1
330 259 1
448 427 1
435 409 1
438 210 1
400 392 1
415 402 1
451 450 1
446 200 1
424 221 1
464 316 1
410 121 1
347 102 1
379 199 1
360 274 1
408 145 1
407 336 1
427 282 1
475 306 1
465 401 1
430 378 1
477 255 1
481 167 1
473 447 1
478 453 1
487 467 1
492 66 1
488 374 1
436 414 1
429 252 1
484 275 1
413 400 1
401 328 1
502 339 1
440 253 1
480 236 1
497 444 1
491 422 1
469 405 1
510 43 1
409 370 1
340 263 1
518 469 1
516 358 1
443 349 1
507 292 1
500 274 1
452 313 1
503 183 1
529 523 1
517 163 1
439 403 1
525 491 1
533 268 1
468 78 1
532 522 1
515 471 1
471 450 1
514 383 1
485 165 1
534 159 1
436 378 1
536 428 1
526 25 1
445 443 1
520 423 1
501 498 1
423 237 1
541 203 1
387 330 1
474 400 1
547 383 1
542 254 1
551 504 1
456 393 1
403 207 1
513 121 1
422 306 1
544 267 1
562 367 1
488 454 1
462 292 1
565 531 1
521 409 1
482 255 1
564 282 1
572 263 1
571 420 1
573 462 1
569 375 1
560 558 1
567 496 1
580 534 1
467 333 1
585 374 1
584 425 1
552 197 1
327 290 1
514 490 1
586 472 1
558 317 1
583 117 1
550 205 1
412 344 1
437 428 1
401 380 1
603 439 1
570 304 1
548 367 1
375 296 1
604 379 1
610 594 1
501 499 1
456 150 1
611 609 1
361 209 1
611 460 1
508 445 1
624 618 1
373 249 1
589 390 1
543 474 1
566 515 1
576 282 1
627 373 1
599 142 1
587 223 1
577 442 1
581 576 1
619 610 1
626 586 1
632 271 1
596 593 1
639 637 1
588 419 1
644 588 1
602 531 1
563 321 1
633 477 1
516 494 1
654 329 1
652 422 1
616 487 1
641 588 1
651 29 1
519 511 1
660 195 1
634 291 1
643 378 1
631 618 1
671 589 1
645 638 1
642 472 1
675 554 1
549 543 1
670 659 1
506 127 1
617 255 1
523 356 1
672 554 1
677 237 1
684 139 1
677 595 1
428 399 1
689 478 1
561 172 1
655 262 1
518 383 1
669 562 1
566 268 1
687 119 1
646 209 1
661 616 1
623 562 1
645 437 1
555 346 1
413 397 1
683 620 1
639 393 1
662 634 1
695 463 1
678 280 1
704 677 1
582 474 1
620 490 1
696 480 1
568 291 1
522 459 1
650 452 1
636 325 1
694 686 1
701 584 1
607 280 1
673 49 1
690 409 1
659 537 1
709 475 1
606 508 1
720 430 1
615 203 1
706 633 1
723 510 1
729 262 1
672 260 1
657 568 1
505 279 1
735 309 1
598 291 1
444 425 1
440 202 1
641 565 1
739 423 1
724 702 1
743 459 1
715 350 1
665 443 1
744 402 1
443 329 1
700 223 1
737 733 1
693 490 1
671 433 1
519 351 1
679 522 1
754 478 1
554 200 1
708 700 1
714 419 1
745 607 1
746 447 1
719 522 1
710 266 1
736 481 1
725 663 1
628 561 1
761 322 1
758 699 1
699 621 1
715 537 1
699 698 1
730 617 1
765 432 1
737 685 1
767 408 1
731 653 1
769 537 1
524 410 1
764 568 1
740 578 1
773 765 1
683 586 1
779 331 1
763 503 1
702 340 1
757 293 1
778 399 1
783 171 1
784 413 1
631 625 1
546 308 1
782 646 1
592 438 1
727 698 1
622 590 1
731 657 1
780 395 1
798 746 1
802 554 1
775 415 1
796 475 1
640 228 1
759 236 1
789 232 1
653 602 1
749 414 1
774 310 1
790 634 1
772 207 1
742 467 1
578 441 1
813 754 1
649 451 1
740 324 1
788 424 1
785 649 1
760 77 1
821 805 1
786 380 1
721 622 1
799 741 1
826 517 1
812 533 1
593 450 1
828 635 1
790 713 1
661 636 1
811 559 1
752 585 1
839 457 1
833 807 1
629 568 1
829 736 1
725 708 1
727 669 1
814 785 1
852 844 1
853 587 1
635 616 1
848 386 1
751 696 1
849 716 1
827 748 1
716 256 1
785 686 1
728 560 1
843 149 1
805 567 1
837 711 1
705 256 1
814 788 1
864 572 1
823 523 1
881 341 1
831 547 1
626 498 1
815 740 1
850 590 1
703 385 1
879 861 1
873 629 1
895 275 1
800 718 1
825 357 1
894 705 1
893 834 1
837 797 1
902 582 1
878 224 1
876 386 1
594 442 1
797 781 1
863 771 1
889 853 1
910 868 1
863 822 1
911 314 1
795 410 1
860 265 1
822 741 1
845 737 1
905 305 1
857 753 1
806 642 1
741 663 1
879 590 1
921 687 1
491 481 1
924 728 1
909 621 1
917 844 1
841 636 1
898 870 1
817 813 1
916 261 1
885 880 1
918 728 1
929 279 1
828 706 1
925 896 1
919 800 1
817 770 1
914 789 1
935 509 1
951 465 1
944 659 1
934 833 1
786 382 1
941 372 1
938 733 1
931 715 1
805 603 1
870 670 1
943 844 1
926 254 1
907 869 1
937 489 1
947 872 1
915 506 1
950 496 1
966 947 1
970 628 1
954 132 1
912 714 1
945 577 1
948 869 1
956 362 1
959 710 1
933 848 1
748 342 1
958 787 1
977 897 1
976 217 1
968 564 1
983 869 1
896 806 1
985 151 1
942 862 1
900 624 1
849 838 1
998 842 1
1001 33 1
974 933 1
957 240 1
942 615 1
910 705 1
989 896 1
869 459 1
1009 398 1
1003 974 1
949 581 1
1013 187 1
895 850 1
877 751 1
1015 907 1
1018 444 1
966 714 1
989 836 1
787 621 1
938 883 1
1008 701 1
1019 730 1
1006 751 1
1010 317 1
1006 978 1
1014 852 1
1017 348 1
897 468 1
984 877 1
980 800 1
934 838 1
891 771 1
1002 402 1
1039 898 1
1037 996 1
1029 849 1
1043 804 1
1038 644 1
1049 927 1
977 878 1
1052 665 1
1027 1003 1
913 11 1
1003 535 1
1048 694 1
1053 860 1
1040 525 1
1030 637 1
1058 861 1
1057 771 1
1031 761 1
1011 512 1
996 941 1
1056 1033 1
1051 585 1
948 855 1
1050 444 1
1056 468 1
1064 787 1
960 808 1
968 625 1
1062 824 1
982 488 1
1014 996 1
960 486 1
1021 888 1
1071 879 1
1072 944 1
1057 913 1
1079 1015 1
1051 1042 1
1041 394 1
1044 571 1
1054 978 1
1082 625 1
1047 980 1
1089 1010 1
1092 360 1
1093 774 1
1095 720 1
1096 745 1
1101 886 1
1078 723 1
1086 867 1
1095 1022 1
1035 899 1
1063 1038 1
1076 298 1
1088 730 1
1099 834 1
1118 953 1
1120 722 1
1090 713 1
1122 848 1
1105 1046 1
1112 966 1
1119 1075 1
1103 781 1
1127 820 1
1106 959 1
1126 990 1
1077 810 1
1100 855 1
1123 717 1
1107 948 1
1022 612 1
1134 1092 1
972 507 1
1075 394 1
1115 839 1
1139 722 1
1094 360 1
1137 934 1
997 507 1
1129 863 1
1137 1121 1
1131 544 1
1147 797 1
1150 1000 1
1135 1109 1
1144 1090 1
971 596 1
1148 1002 1
1143 994 1
1148 1049 1
1152 1110 1
1166 780 1
1136 283 1
919 854 1
1132 619 1
1141 1030 1
1173 494 1
1185 1144 1
1097 1065 1
1186 1093 1
1175 1019 1
1184 1009 1
1161 1149 1
1163 556 1
1176 1109 1
1191 721 1
1192 990 1
1181 791 1
1195 775 1
1167 316 1
1202 679 1
1152 1128 1
1061 677 1
1207 1178 1
1136 866 1
1176 143 1
1192 1179 1
899 888 1
1169 595 1
1189 938 1
1197 406 1
1213 1011 1
1187 1132 1
1221 494 1
1178 1106 1
1223 1061 1
1200 954 1
1206 1164 1
1135 1128 1
1149 1090 1
1164 1021 1
1219 922 1
1211 721 1
1230 1149 1
1208 689 1
1232 542 1
1212 1192 1
1205 389 1
1220 999 1
1201 1012 1
1240 1019 1
1244 1211 1
1241 1175 1
1242 825 1
1245 1017 1
1228 600 1
1257 1255 1
1263 1146 1
1266 1020 1
1269 523 1
1271 982 1
1272 552 1
1217 759 1
1220 1177 1
1268 1119 1
1226 1107 1
1196 1039 1
1282 1104 1
1214 1140 1
1264 447 1
1257 971 1
1285 1081 1
1182 847 1
1289 912 1
1281 1261 1
1287 431 1
1236 729 1
1293 1245 1
1188 187 1
1297 1158 1
1305 1177 1
1268 1158 1
1278 542 1
1308 1292 1
1288 1246 1
1256 1249 1
1283 1154 1
1313 1282 1
1158 949 1
1309 1307 1
1262 901 1
1298 83 1
1214 539 1
1318 967 1
1320 63 1
1324 1224 1
1319 1214 1
1325 1288 1
1307 807 1
1231 940 1
1311 528 1
1330 1007 1
1317 1261 1
1312 1153 1
1326 1269 1
1321 432 1
1329 977 1
1339 1200 1
1342 1120 1
1323 862 1
1094 1000 1
1334 1271 1
1353 541 1
1324 1322 1
1352 1232 1
1253 1100 1
1308 774 1
1306 678 1
1350 1231 1
1349 305 1
1359 780 1
1360 1233 1
1314 1281 1
1364 1334 1
1347 1291 1
1372 1289 1
1340 1165 1
1226 1196 1
1371 953 1
1369 1048 1
1348 1083 1
1377 1193 1
1375 847 1
1367 1291 1
1322 1290 1
1388 1293 1
1381 1373 1
1207 1203 1
1385 1243 1
1383 1325 1
1378 1261 1
1386 542 1
1391 1224 1
1376 1224 1
1302 965 1
1357 1171 1
1291 608 1
1314 1140 1
1351 936 1
1361 1182 1
1405 1126 1
1361 1252 1
1242 1200 1
1280 881 1
1410 1405 1
1397 614 1
1403 1352 1
1233 1221 1
1412 723 1
1364 1301 1
1399 1351 1
1414 1078 1
1417 1123 1
1374 979 1
1373 1350 1
1408 1334 1
1413 1317 1
1411 1408 1
1429 1388 1
1370 966 1
1424 780 1
1399 1355 1
1355 1243 1
1430 943 1
1440 1359 1
1322 1218 1
1448 1275 1
1437 461 1
1337 1213 1
1442 1421 1
1439 1415 1
1395 1251 1
1419 1141 1
1259 1111 1
1455 967 1
1457 867 1
1456 1401 1
1459 1056 1
1445 1099 1
1429 1306 1
1465 1387 1
1440 1400 1
1476 1447 1
1472 1123 1
1474 1084 1
1469 1197 1
1436 1347 1
1482 1402 1
1450 1139 1
1415 1068 1
1492 1412 1
1493 1338 1
1486 1392 1
1479 1231 1
1485 482 1
1483 1063 1
1463 819 1
1498 1332 1
1470 1157 1
1500 1348 1
1488 1406 1
1495 803 1
1501 1204 1
1458 1253 1
1502 1190 1
1421 1348 1
1461 500 1
1507 847 1
1509 1426 1
1510 1337 1
1514 1500 1
1511 1253 1
1517 954 1
1527 1470 1
1525 1495 1
1523 1052 1
1522 1360 1
1533 1445 1
1478 1126 1
1532 1169 1
1528 1466 1
1530 1529 1
1538 1383 1
1535 1301 1
1537 1505 1
1521 1142 1
1544 867 1
1519 986 1
1541 1112 1
1526 1301 1
1550 1361 1
1518 943 1
1551 1116 1
1548 1505 1
1558 1290 1
1560 1391 1
1549 1485 1
1534 1421 1
1564 1421 1
1573 1230 1
1548 1547 1
1576 1400 1
1582 1309 1
1575 1456 1
1583 1505 1
1557 1450 1
1543 1478 1
1584 1510 1
1588 575 1
1600 1524 1
1592 1208 1
1605 1223 1
1599 1477 1
1547 1509 1
1611 1488 1
1608 1595 1
1616 1377 1
1580 1552 1
1617 1450 1
1618 1395 1
1620 1559 1
1621 1030 1
1622 1590 1
1624 1160 1
1626 1505 1
1627 1434 1
1628 1374 1
1596 798 1
1636 1034 1
1639 1521 1
1635 1198 1
1634 1331 1
1640 1520 1
1632 1549 1
1641 1413 1
1589 1294 1
1645 1243 1
1646 1296 1
1653 1071 1
1656 1009 1
1619 1509 1
1651 1510 1
1657 1278 1
1659 1572 1
1654 1609 1
1660 1457 1
1661 1555 1
1649 1571 1
1670 1491 1
1674 1619 1
1672 1442 1
1671 1537 1
1669 1544 1
1682 1627 1
1677 1665 1
1686 1669 1
1681 1393 1
1688 1058 1
1704 1646 1
1720 1541 1
1721 1592 1
1723 1560 1
1730 1561 1
1726 1415 1
1740 1591 1
1729 1431 1
1745 1728 1
1749 1323 1
1741 1545 1
1756 1248 1
1757 1343 1
1762 1609 1
1765 1641 1
1755 1677 1
1779 1589 1
1782 1519 1
1795 1607 1
1799 1708 1
1767 1562 1
1802 1643 1
1807 1677 1
1826 1813 1
1826 1806 1
1829 1762 1
1831 1687 1
1834 1645 1
1836 1554 1
1836 1835 1
1854 1588 1
1869 1864 1
1864 1694 1
1875 1874 1
1879 1694 1
1877 1874 1
1886 1874 1
1887 1494 1
1874 1864 1
1894 1877 1
1931 1773 1
1927 1894 1
1937 1644 1
1940 1846 1
1943 1733 1
1952 1930 1
1944 1894 1
1968 1927 1
1974 1944 1
1972 1944 1
1981 1977 1
1983 1952 1
1979 1977 1
1986 1952 1
1985 1978 1
1997 1978 1
1999 1988 1
1997 1995 1
2006 1995 1
2007 1965 1
2021 2019 1
2023 2015 1
2023 2019 1
2027 2019 1
2028 2019 1
2030 2027 1
2031 2027 1
2041 1980 1
34 27 2
77 44 2
96 91 2
156 2 2
108 21 2
187 45 2
180 15 2
98 39 2
183 94 2
139 17 2
194 57 2
212 53 2
304 276 2
265 158 2
146 108 2
278 111 2
338 325 2
325 15 2
157 95 2
148 61 2
262 75 2
376 213 2
249 153 2
389 68 2
280 110 2
368 289 2
220 60 2
391 146 2
372 343 2
301 295 2
372 62 2
402 371 2
445 405 2
429 363 2
244 86 2
430 414 2
417 71 2
290 135 2
434 277 2
384 380 2
569 545 2
425 323 2
393 97 2
595 175 2
637 495 2
439 267 2
704 520 2
662 598 2
536 314 2
369 319 2
504 302 2
515 272 2
451 268 2
425 358 2
743 532 2
326 296 2
561 391 2
638 399 2
673 536 2
665 654 2
516 347 2
628 431 2
327 144 2
766 502 2
589 212 2
531 419 2
695 408 2
505 89 2
724 252 2
490 472 2
629 404 2
396 133 2
410 284 2
802 224 2
873 657 2
578 280 2
583 369 2
508 502 2
589 505 2
639 417 2
876 538 2
756 620 2
516 82 2
310 161 2
692 99 2
806 501 2
782 303 2
671 466 2
946 398 2
821 496 2
724 385 2
961 294 2
937 561 2
918 763 2
764 565 2
739 505 2
666 546 2
820 604 2
889 663 2
810 395 2
914 825 2
619 577 2
945 648 2
598 429 2
694 412 2
745 527 2
623 440 2
912 653 2
910 838 2
951 673 2
896 711 2
752 471 2
920 897 2
872 419 2
1015 459 2
913 863 2
925 836 2
774 133 2
933 795 2
889 799 2
621 563 2
984 696 2
998 823 2
724 565 2
973 69 2
1089 1041 2
1047 919 2
1029 833 2
588 572 2
1038 864 2
473 304 2
1091 809 2
1053 158 2
870 548 2
1046 655 2
894 626 2
996 943 2
1105 797 2
1063 872 2
1139 1027 2
829 525 2
860 858 2
740 527 2
1101 980 2
839 549 2
1082 427 2
916 438 2
1042 982 2
841 617 2
749 612 2
768 693 2
735 552 2
806 320 2
781 655 2
1011 975 2
456 250 2
1037 928 2
1204 44 2
995 752 2
1148 415 2
1066 686 2
1058 997 2
1241 1240 2
697 609 2
1277 1202 2
1244 1000 2
1169 826 2
972 961 2
1085 935 2
1170 997 2
1238 822 2
1205 857 2
1133 462 2
935 921 2
1113 411 2
1300 371 2
1223 1099 2
1047 734 2
1217 480 2
898 758 2
1286 648 2
1255 1213 2
1098 975 2
1189 853 2
1236 1059 2
1011 971 2
1234 733 2
1262 469 2
1262 1143 2
1354 603 2
1086 1073 2
1260 1016 2
1022 999 2
1115 807 2
1054 679 2
1327 1184 2
1174 444 2
1228 323 2
1158 922 2
1297 1091 2
1298 1278 2
1040 243 2
1188 973 2
1188 923 2
1256 1088 2
889 685 2
1410 990 2
1335 787 2
1236 1014 2
1214 1176 2
1220 1209 2
1413 1110 2
1218 983 2
1403 542 2
1179 816 2
1354 1177 2
1203 959 2
1374 1370 2
1304 954 2
1228 1185 2
1219 1075 2
1305 1131 2
1367 988 2
1336 1312 2
1079 926 2
1383 574 2
1448 1353 2
1261 1110 2
1381 557 2
1339 1210 2
1263 1232 2
1397 1283 2
1206 994 2
1260 950 2
1107 1072 2
1367 709 2
1355 737 2
1347 1215 2
1328 1247 2
1492 510 2
1177 805 2
1097 819 2
1382 1252 2
1479 1294 2
1469 1156 2
1465 485 2
1365 1339 2
1197 1135 2
1469 1431 2
1292 1178 2
1284 1041 2
1465 919 2
1423 285 2
1486 1463 2
1046 917 2
1399 1280 2
1445 1273 2
1439 1377 2
1357 1218 2
1454 624 2
1224 715 2
1340 1195 2
1527 1360 2
1476 1116 2
1376 931 2
1368 1284 2
1474 1127 2
1554 1061 2
1445 887 2
1411 1337 2
1501 1430 2
1440 1052 2
1314 1302 2
1480 1121 2
1308 1106 2
1521 1442 2
1461 1444 2
1282 1120 2
1342 1313 2
1450 1416 2
1559 956 2
1385 990 2
1590 949 2
1588 1473 2
1472 1395 2
1531 1510 2
1514 1167 2
1555 1537 2
1493 1013 2
1502 991 2
1396 955 2
1327 1259 2
1454 1184 2
1582 1201 2
1327 1276 2
1400 1024 2
1574 1526 2
1629 1513 2
1640 1589 2
1513 985 2
1578 1507 2
1622 1371 2
1455 1114 2
1543 1369 2
1632 1618 2
1674 1626 2
1629 1567 2
1689 1557 2
1710 1402 2
1701 1498 2
1600 1488 2
1667 1580 2
1713 1563 2
1511 1377 2
1530 1393 2
1696 1043 2
1661 1464 2
1697 1604 2
1698 1124 2
1669 1073 2
1573 1545 2
1691 1545 2
1669 1491 2
1637 1616 2
1595 1087 2
1665 1427 2
1608 1483 2
1689 1603 2
1630 1577 2
1693 1654 2
1736 1542 2
1714 1686 2
1756 1412 2
1778 1323 2
1704 1332 2
1596 1575 2
1756 1414 2
1749 1740 2
1794 1688 2
1755 1418 2
1781 1050 2
1781 1730 2
1795 1723 2
1801 1635 2
1807 1766 2
1814 1550 2
1721 1708 2
1841 1664 2
1844 690 2
1866 1627 2
1879 1869 2
1903 1612 2
1900 1785 2
1931 1875 2
1945 1796 2
1957 1938 2
1962 1850 2
1991 1940 2
2022 1928 2
2020 2003 2
2029 2021 2
2031 2025 2
2032 1865 2
2035 2030 2
2035 2021 2
2044 1883 2
2047 2042 2
2027 1909 2
