2
1
1
0
7
2
10
8
9
7
11
5 4
12
11
15
13
16
6 4
20
18
19
14
25
12
28
27
33
6 4
28
20
34
20
18
3
37
32
30
9
41
24 19
36
0
38
22
45
21
49
8
57
39
58
22
46
10
38
26
43
22
64
52
50
42
70
26
69
21
67
40
51
10
59
50
71
60
40
35
80
60
77
62 36
82
80
86
65
55
42
84
59
81
75
90
61
91
13
87
39
99
53
109
53
105
93
116
58
117
100
76
25
108
100
122
71
74
24 19
125
89
110
96
120
66
121
68
131 114
106
137
43
132 128
115
105
87
135
99
143
7
110
13
127
96
142
51
145
101 48 35
115
52
123
26
106
65
105
98
149
74
146
87
152
68
134
125
126
25
117
69
141
37
161
68
150
97
155
97
166
69
57
21
66
55
157
153
158
134
162
120
61
53
159
138
152
133
182
169
147
46
180
110
183
178
181
170
173
69
179
122
163
140
189
157
171
32
167
159
201
32
200
174
204
30
188
170
193
140
192
109
194
98
209
150
191
170
203
163
136
41
210
89
197
13
141
52
139
74
164 61
112
205
191
208
97
148
140
225
148
223
30
224
200
236
162
169
89
229
51
175
90
239
136
234
220
242
27
163
112
245
219
144
135
178
106
181
165
237
175
212
90
168
122
240
131 114
211
202
251
123
260
70
261
144
251
207
153
107 95
230
215
267
123
269
219
256
81
266
68
264
259
253
188
271
215
231
161
205
40
276
141
280
238
264
262
279
182
233
97
250
168
270
133
296
227
272
268
154
81
273
81
289
199
242
220
265
169
303
220
259
154
304
64
258
211
310
186 144
309
195
213
66
311
171
292
239
318
70
311
301
275
41
286
14
321
165
324
238
332
307
157
86
271
244
290
148
307
288
299
297
287
219
313
281
319
108
340
252
263
227
341
221 196 76
336
298
343
287
333
195
295
52
332
308
348
92 71
299
195
316
255
357
57
354
306
344
341
362
211
300
128
230
189
350
258
372
364
364
246
366
335
356
335
287
246
351
129 37
338
13
373
319
367
258
238
180
381
315
376
55
349
331
369
230
326
252
361
3
384
328
315
298
303
82
272
199
395
288
377
9
381
147
370
317
358
234
386
375
398
240
397
330
391
319
414
346
314
142
246
77
249
230
281
138
404
291
418
128
402
274
394
370
425
347
426
158
437
314
429
385
392
269
433
212
434
387
442
313
441
335
399
380
330
259
448
427
435
409
438
210
400
392
415
402
451
450
446
200
424
221 196 76
464
316
410
121
347
102 34
379
199
360
274
408
145
407 306
336
427
282
475
306
465
401
430
378
477
255
481
167
473
447
478
453
487
467
492
66
488
374
436
414
429
252
484
275
413
400
401
328
502
339 311
440
253
480
236
497
444
491
422
469
405 349
510
43
409
370
340
263
518
469
516
358
443
349
507
292
500
274
452
313
503
183
529
523
517
163
439
403
525
491
533
268
468
78 56 48 35
532
522
515
471
471
450
514
383
485
165
534
159
436
378
536
428
526
25
445
443
520
423
501
498
423
237
541
203
387
330
474
400
547
383
542
254 50
551
504 361
456
393
403
207
513
121
422
306
544
267
562
367
488
454
462
292
565
531
521
409
482
255
564
282
572
263
571
420
573
462
569
375
560
558
567
496 453
580
534
467
333
585
374
584
425
552
197
327 270
290
514
490
586
472
558
317
583
117
550
205
412
344
437
428
401
380
603
439
570
304
548
367
375
296
604
379
610
594
501
499 278 256
456
150
611
609
361
209
611
460 200
508
445
624
618
373
249
589
390 210
543
474
566
515
576
282
627
373
599
142
587
223
577
442
581
576
619
610
626
586
632
271
596 454
593
639
637
588
419
644
588
602
531
563
321
633
477
516
494
654
329 300
652
422
616
487
641
588
651
29 14
519
511 473
660
195
634
291
643
378
631
618
671
589
645
638
642
472
675
554
549
543
670
659
506
127
617
255
523
356
672
554
677
237
684
139
677
595
428
399
689
478
561
172 93
655
262
518
383
669
562
566
268
687
119 67
646
209
661
616
623
562
645
437
555 420
346
413
397
683
620
639
393
662
634
695
463 202
678
280
704
677
582
474
620
490
696
480
568
291
522
459
650
452
636
325 248 197
694
686
701
584
607
280
673
49
690
409
659
537
709
475
606
508
720
430
615
203
706
633
723
510
729
262
672
260
657
568
505 466
279
735
309
598
291
444
425
440
202
641
565
739
423
724
702
743
459
715
350
665
443
744
402
443
329 300
700
223
737
733
693
490
671
433
519
351
679
522
754
478
554
200
708
700
714
419
745
607
746
447
719
522
710
266
736
481
725
663
628
561
761
322 139
758
699
699
621
715
537
699
698
730
617
765
432 312 297
737
685
767
408
731
653
769
537
524
410
764
568
740
578
773
765
683
586
779
331
763
503
702
340
757
293 91
778
399
783
171
784
413
631
625
546
308
782
646
592
438
727
698
622
590
731
657
780
395
798
746
802
554
775
415
796
475
640
228 114
759
236
789
232 194
653
602
749
414
774
310
790
634
772
207
742
467
578
441
813
754
649
451
740
324
788
424
785
649
760
77
821
805
786
380
721
622
799
741
826
517
812
533
593
450
828
635
790
713
661
636
811
559 362
752
585
839
457 387
833
807
629
568
829
736
725
708
727
669
814
785
852
844
853
587
635
616
848
386
751
696
849
716
827 820
748
716
256
785
686
728
560
843
149
805
567
837
711
705
256
814
788
864
572
823
523
881
341
831
547
626
498
815
740
850
590
703 662
385
879
861
873
629
895
275
800
718
825
357
894
705
893
834 739
837
797
902
582
878
224
876
386
594
442
797
781
863
771
889
853
910
868
863
822
911
314
795
410
860
265
822
741
845
737
905
305 145
857
753 615
806
642
741
663
879
590
921
687
491
481
924
728
909
621
917
844
841
636
898
870
817
813
916
261
885 763
880
918 880
728
929
279
828
706
925
896
919
800
817
770 452
914
789
935
509 446
951
465
944
659
934
833
786
382 182
941
372
938
733
931
715
805
603
870
670
943 928
844
926
254 50
907
869
937
489 172 93
947
872
915
506
950
496 453
966
947
970
628
954
132 128
912
714
945
577
948
869
956
362
959
710
933
848
748
342 199
958
787
977
897
976
217 136
968
564
983
869
896
806
985
151 116
942
862
900
624
849
838
998
842 366
1001
33
974
933
957
240
942
615
910
705
989
896
869
459
1009
398
1003
974
949
581
1013 973
187 173
895
850
877
751
1015
907
1018
444
966
714
989
836 711
787
621
938
883
1008
701
1019
730
1006
751
1010
317
1006
978
1014
852
1017
348
897
468
984
877
980
800
934
838
891 845
771
1002
402
1039
898
1037
996
1029
849
1043
804 746
1038
644
1049
927 742
977
878
1052
665
1027
1003
913
11
1003
535 524
1048
694
1053
860
1040
525
1030
637
1058
861
1057
771
1031
761
1011
512 63 16
996
941
1056
1033
1051
585
948
855
1050
444
1056
468
1064
787
960
808 47 3
968
625
1062
824 500
982
488
1014
996
960
486 404
1021
888 868
1071
879
1072
944
1057
913
1079
1015
1051
1042
1041
394
1044
571
1054
978
1082
625
1047
980
1089
1010
1092
360
1093
774
1095
720
1096
745
1101
886 718
1078
723
1086
867 308
1095
1022
1035
899
1063
1038
1076
298
1088
730
1099
834 739
1118
953 435
1120
722 524
1090
713
1122
848
1105
1046
1112
966
1119
1075
1103 1046
781
1127
820
1106
959
1126
990
1077 981 789
810 546
1100
855
1123
717 529
1107
948
1022
612 235 138
1134
1092
972
507
1075
394
1115
839
1139
722 524
1094
360
1137
934
997
507
1129
863
1137
1121
1131
544
1147
797
1150
1000 721
1135
1109
1144
1090
971
596 454
1148
1002
1143
994 831
1148
1049
1152
1110
1166
780
1136
283 216 120
919
854 485
1132
619
1141
1030
1173
494
1185
1144
1097
1065 829
1186
1093
1175
1019
1184
1009
1161
1149
1163
556 378
1176
1109
1191
721
1192
990
1181
791 592
1195
775
1167
316
1202
679
1152
1128
1061
677
1207
1178
1136
866 743
1176
143
1192
1179
899
888 868
1169
595
1189
938
1197
406 245
1213
1011
1187
1132
1221
494
1178
1106
1223
1061
1200
954
1206
1164
1135
1128
1149
1090
1164
1021
1219
922 448
1211
721
1230
1149
1208
689
1232
542
1212
1192
1205
389 231
1220
999 650
1201
1012 902
1240
1019
1244
1211
1241
1175
1242
825
1245
1017
1228 1174
600 497
1257
1255
1263
1146 855
1266
1020 802
1269
523
1271
982
1272
552
1217
759
1220
1177
1268
1119
1226
1107
1196
1039
1282
1104 942
1214
1140
1264
447
1257
971
1285
1081 995 748
1182
847 632
1289
912
1281
1261
1287
431 226 95
1236
729
1293
1245
1188
187 173
1297
1158
1305
1177
1268
1158
1278
542
1308
1292
1288
1246 1048
1256
1249 815
1283
1154 1040
1313
1282
1158
949
1309
1307
1262
901 779
1298
83 59
1214
539 198 30
1318
967 179
1320
63 16
1324
1224
1319
1214
1325
1288
1307
807
1231
940 684
1311
528 465
1330
1007 564
1317
1261
1312
1153 884 642
1326
1269
1321
432 312 297
1329
977
1339
1200
1342
1120
1323
862
1094
1000 721
1334
1271
1353
541
1324
1322
1352
1232
1253
1100
1308
774
1306
678
1350
1231
1349
305 145
1359
780
1360
1233
1314
1281
1364
1334
1347
1291
1372
1289
1340
1165 828
1226
1196
1371
953 435
1369
1048
1348
1083 775
1377
1193 1064
1375
847 632
1367
1291
1322
1290
1388
1293
1381
1373
1207
1203
1385
1243
1383
1325
1378
1261
1386
542
1391
1224
1376
1224
1302
965 883
1357
1171 1072
1291
608 594
1314
1140
1351
936 845
1361
1182
1405
1126
1361
1252
1242
1200
1280 1212
881
1410
1405
1397
614 229
1403
1352
1233
1221
1412
723
1364
1301
1399
1351
1414
1078
1417
1123
1374
979 872
1373
1350
1408
1334
1413
1317
1411
1408
1429
1388
1370
966
1424
780
1399
1355
1355
1243
1430
943 928
1440
1359
1322
1218 832 719
1448
1275 862
1437
461 168
1337
1213
1442
1421
1439
1415
1395
1251 1175
1419
1141
1259
1111 624
1455
967 179
1457
867 308
1456
1401 1382 1345 1188
1459
1056
1445
1099
1429
1306
1465
1387 1085 550
1440
1400
1476
1447 1436
1472
1123
1474
1084 604
1469
1197
1436
1347
1482
1402 1208
1450
1139
1415
1068 980
1492
1412
1493
1338 1264
1486
1392 1283
1479
1231
1485
482
1483
1063
1463
819 420
1498
1332 750 426
1470
1157 701
1500
1348
1488
1406 791 592
1495
803 599
1501
1204 760
1458
1253
1502
1190 658 233
1421
1348
1461
500
1507
847 632
1509
1426 1363 1033
1510
1337
1514
1500
1511
1253
1517
954
1527
1470
1525
1495
1523
1052
1522
1360
1533
1445
1478
1126
1532
1169
1528
1466 1143
1530
1529
1538
1383
1535
1301
1537
1505
1521
1142 1062
1544
867 308
1519
986 711
1541
1112
1526
1301
1550
1361
1518
943 928
1551
1116 796
1548
1505
1558
1290
1560
1391
1549
1485
1534
1421
1564
1421
1573
1230
1548
1547
1576
1400
1582
1309
1575
1456
1583
1505
1557
1450
1543 1529
1478
1584
1510
1588
575 328
1600
1524 1425 1292
1592
1208
1605
1223
1599
1477 1234 883
1547
1509
1611
1488
1608
1595 1557
1616
1377
1580
1552 1498
1617
1450
1618
1395
1620
1559 1349
1621
1030
1622
1590 1441 1297
1624
1160 1118
1626
1505
1627
1434 1378
1628
1374
1596
798
1636
1034 377
1639
1521
1635
1198 680 464
1634 1629
1331 688 556 378
1640
1520 1031
1632
1549
1641
1413
1589
1294 322 139
1645
1243
1646
1296 599
1653
1071
1656
1009
1619
1509
1651
1510
1657
1278
1659
1572 1343 987 506
1654
1609 1326
1660
1457
1661
1555 1547
1649
1571 1458
1670
1491 937
1674
1619
1672
1442
1671
1537
1669
1544
1682
1627
1677
1665 1328 1203
1686
1669
1681
1393 1246 1048
1688
1058
1704
1646
1720
1541
1721
1592
1723
1560
1730
1561 1527
1726
1415
1740
1591 1275 862
1729
1431 1315 1128
1745
1728 1533
1749
1323
1741
1545 1036 908 600 497
1756
1248 886 718
1757
1343 987 506
1762
1609 1326
1765
1641
1755
1677
1779
1589
1782
1519
1795
1607 1453 931
1799
1708 1671
1767
1562 874 691 464
1802
1643 1430
1807
1677
1826
1813
1826
1806 1766 1755
1829
1762
1831
1687 1538
1834
1645
1836
1554 1532
1836
1835
1854
1588
1869
1864
1864
1694 1285
1875
1874
1879
1694 1285
1877
1874
1886
1874
1887
1494 1044
1874
1864
1894
1877
1931
1773 1428 1127
1927
1894
1937
1644 1535
1940
1846 1821 1782
1943
1733 1528
1952
1930 1894
1944
1894
1968
1927
1974
1944
1972
1944
1981 1972
1977
1983
1952
1979 1978
1977
1986
1952
1985
1978
1997
1978
1999 1995
1988 1965 1862 1380 1168 213
1997
1995
2006
1995
2007
1965 1862 1380 1168 213
2021
2019
2023
2015 1975 1460 1031
2023
2019
2027
2019
2028
2019
2030
2027
2031
2027
2041
1980 1843 1389 969 519
34
27
77
44 0
96
91
156 36
2
108
21
187 173
45
180
15
98
39
183
94 65
139
17 14
194
57
212
53
304
276
265
158
146
108
278 256
111 75
338
325 248 197
325 248 197
15
157
95
148
61
262
75
376
213
249
153
389 231
68
280
110
368 272
289
220
60
391
146
372
343
301
295
372
62 36
402
371 360
445
405 349
429
363 326
244
86
430
414
417 250
71
290
135
434
277 154
384
380
569
545 263
425
323 102 34
393
97
595
175
637
495 393
439
267
704
520
662
598
536
314
369
319
504 361
302 209
515
272
451
268
425
358
743
532
326
296
561
391
638
399
673
536
665
654
516
347
628
431 226 95
327 270
144
766 606
502
589
212
531
419
695
408
505 466
89
724
252
490
472
629
404
396 261
133
410
284 231
802
224
873
657
578
280
583
369
508
502
589
505 466
639
417 250
876
538 411 296
756 626
620
516
82
310
161
692 290
99
806
501
782
303
671
466
946 640
398
821
496 453
724
385
961 462
294 239
937
561
918 880
763
764
565
739
505 466
666 395
546
820
604
889
663
810 546
395
914
825
619
577
945
648 619
598
429
694
412
745
527 441
623
440
912
653
910
838
951
673
896
711
752
471
920 687
897
872
419
1015
459
913
863
925
836 711
774
133
933
795
889
799
621
563
984
696
998
823
724
565
973
69
1089
1041
1047
919
1029
833
588
572
1038
864
473
304
1091 949
809 581
1053
158
870
548
1046
655
894
626
996
943 928
1105
797
1063
872
1139
1027
829
525
860
858 638
740
527 441
1101
980
839
549
1082
427
916
438
1042
982
841
617
749
612 235 138
768 606
693
735
552
806
320 75
781
655
1011
975 126
456
250
1037
928
1204 760
44 0
995 748
752
1148
415
1066 412
686
1058
997
1241
1240
697 137
609
1277 776 679
1202
1244
1000 721
1169
826
972
961 462
1085 550
935
1170 972
997
1238 992 663
822
1205
857
1133 972
462
935
921
1113 326
411 296
1300 1025 360
371 360
1223
1099
1047
734 563
1217
480
898
758
1286 1132
648 619
1255
1213
1098 871 593
975 126
1189
853
1236
1059 784
1011
971
1234 883
733
1262
469
1262
1143
1354 1131
603
1086
1073 712 489 172 93
1260 865 403
1016 903 772
1022
999 650
1115
807
1054
679
1327 964 957
1184
1174
444
1228 1174
323 102 34
1158
922 448
1297
1091 949
1298
1278
1040
243 54 10
1188
973
1188
923 583
1256
1088
889
685
1410
990
1335 1196
787
1236
1014
1214
1176
1220
1209 1022
1413
1110
1218 832 719
983
1403
542
1179
816 412
1354 1131
1177
1203
959
1374
1370
1304 1242
954
1228 1174
1185
1219
1075
1305
1131
1367
988 493 281
1336 783
1312
1079
926
1383
574 289
1448
1353
1261
1110
1381
557 286
1339
1210 825
1263
1232
1397
1283
1206
994 831
1260 865 403
950
1107
1072
1367
709
1355
737
1347
1215 1187
1328 1203
1247 1074 513
1492
510
1177
805
1097
819 420
1382 1345 1188
1252
1479
1294 322 139
1469
1156 582
1465
485
1365 1264
1339
1197
1135
1469
1431 1315 1128
1292
1178
1284 900
1041
1465
919
1423 1134
285 29 14
1486
1463
1046
917
1399
1280 1212
1445
1273 605 328
1439
1377
1357
1218 832 719
1454 1259
624
1224
715
1340
1195
1527
1360
1476
1116 796
1376
931
1368 964 957
1284 900
1474
1127
1554 1532
1061
1445
887 384
1411
1337
1501
1430
1440
1052
1314
1302
1480 1151 1035
1121
1308
1106
1521
1442
1461
1444 1381
1282
1120
1342
1313
1450
1416 1282
1559 1349
956
1385
990
1590 1441 1297
949
1588
1473 1311
1472
1395
1531 1320
1510
1514
1167
1555 1547
1537
1493
1013 973
1502
991 629
1396 1341 1078
955 718
1327 964 957
1259
1454 1259
1184
1582
1201
1327 964 957
1276 900
1400
1024 779
1574 1051
1526
1629
1513 1222 688 556 378
1640
1589
1513 1222 688 556 378
985
1578 885 763
1507
1622
1371
1455
1114 998
1543 1529
1369
1632
1618
1674
1626
1629
1567 732 337 43
1689 1628
1557
1710 1592
1402 1208
1701 1580
1498
1600
1488
1667 1611
1580
1713 1662 1519
1563 1518
1511
1377
1530
1393 1246 1048
1696 1596
1043
1661
1464 903 772
1697 1279 989
1604 1504 667 201
1698 1576
1124 779
1669
1073 712 489 172 93
1573
1545 1036 908 600 497
1691 1593 1161
1545 1036 908 600 497
1669
1491 937
1637 1553 1511
1616
1595 1557
1087 545 263
1665 1328 1203
1427 876
1608
1483
1689 1628
1603 1490 1323
1630 765
1577 1244
1693 1419
1654
1736 1704
1542 1332 750 426
1714 1660
1686
1756
1412
1778 1740
1323
1704
1332 750 426
1596
1575
1756
1414
1749
1740
1794 997
1688
1755
1418 411 296
1781 1741
1050
1781 1741
1730
1795
1723
1801 1767
1635
1807
1766 1755
1814 1575
1550
1721
1708 1671
1841 1762
1664 1609 1326
1844 1777 1624
690
1866 1765
1627
1879
1869
1903 1847 1633 1462 1295 984
1612 1217
1900 1889 1813
1785 1545 1036 908 600 497
1931
1875
1945 1820 1449 773
1796 1653
1957 1748 1551
1938 1816 1615 1076
1962 1943
1850 1824 1698 1576
1991 1917 1897 1802
1940
2022 1861 1714 1660
1928 1700 1166
2020 1924 1758 1584
2003 1998 1986
2029 2028
2021
2031
2025 1907 1585 1371
2032 2008 1999 1995
1865 1496 1298
2035 2028
2030
2035 2028
2021
2044 1929 1875
1883 1786 1474
2047 1964 1848 1792 1727 1657
2042 1948 1738 1415
2027
1909 1579 809 581
