0.04819809437513908
0.04489792478351627
0.07695790279668661
0.049601016996382294
0.059026006897343206
0.041302976587208544
0.08016311915343256
0.037894176526566965
0.047957878923506836
0.03760118107624074
0.06905354686375934
0.04654174869409255
0.0358617605757229
0.02594404181867307
0.11946364528057381
0.03615322794763361
0.05551848484137259
0.046293027077248576
0.12763597433255938
0.04169594132322812
0.03468337788926464
0.03480826691731901
0.045418191912783505
0.19281836935552593
0.047442239564146844
0.06226427973906465
0.05571214641368885
0.029966896824375557
0.21686449170677827
0.04867852060720045
0.11536088143089211
0.03732525183636942
0.045738125650811645
0.034309603883583874
0.051724673673591195
0.28633811332028486
0.03508184247267172
0.032213049764711975
0.1419511471217904
0.03819640080188446
0.036024628521722016
0.04930844342041673
0.041099613524244245
0.04515108252165053
0.04015059324700681
0.03382736808418925
0.040278443031202336
0.03242349406163864
0.04029968089103002
0.043450665213342766
0.03073525367689176
0.029529969809143766
0.13692800277909623
0.030220950360794835
0.04284527309254466
0.13315169217375442
0.074137728821255
0.0393631444923154
0.035159601837478724
0.0596243950423583
0.050311559441384386
0.04365508573634564
0.04479645042783434
0.03486473057807286
0.036669364099460144
0.07995613637650276
0.036794645038317766
0.050553632644167595
0.04380237663369308
0.03458649561927062
0.03512442357451892
0.048035311317483675
0.04314880058570645
0.034766911765164575
0.03178514232498503
0.03400942046959768
0.10901076105126403
0.12298546435103541
0.040652574248224806
0.03339569063058634
0.03858003537303218
0.05025411786970968
0.051496946673227476
0.09553705528003312
0.07510557785814984
0.052739859240767614
0.03152110093345624
0.07155930719123899
0.039545301614670555
0.032389887872767635
0.042225046614057446
0.03687883849036859
0.038331658398736215
0.05613838361636047
0.04202481369418123
0.09194567044752962
0.04756695184887782
0.10142370455583581
0.11055099824835714
0.08660198755787438
0.03708750893845078
0.03592049589978591
0.10388982972842616
0.07730887304549369
0.042631839669816506
0.08585230138863811
0.040272374794478226
0.03935720944940621
0.052108149041044355
0.03881311595990189
0.07878288530976825
0.04852831327068477
0.18693316595975776
0.030481902441306108
0.04941054114654462
0.04587665236833982
0.03385845376187002
0.08358440632749037
0.20787364298586744
0.030280796420351908
0.0399550631538767
0.050250444947967474
0.049432994101266774
0.04555447718254202
0.04355992341373384
0.0736910686559434
0.07682712209732824
0.03950556417912965
0.047651805600757546
0.04085299289438362
0.04248010925259432
0.04815248205825254
0.046740642858395506
0.03431570216639674
0.038451158920957705
0.039505461066860516
0.03814754960027556
0.061067922608056005
0.03113454239239776
0.055044858170711426
0.04937325693230323
0.043973771992534244
0.046631065190074844
0.030166749263753876
0.05886552815453394
0.05161446740557008
0.03203796200219658
0.039523498633397346
0.04280994814068409
0.04715368686351526
0.046905506840888976
0.04863438929841641
0.03382763930591917
0.040051084080344586
0.14705182384464152
0.048278046601014236
0.0407038974912241
0.040608948943234954
0.10233257400606369
0.02823627188957643
0.03897112132390661
0.10945511702860952
0.03821946653524135
0.055856553933880025
0.044979052220845576
0.040726466037955905
0.0387000308460977
0.03850181051272487
0.05517646816270047
0.06401028457824835
0.04127424788308386
0.04445683283307303
0.10460158664880956
0.056847614666531016
0.03132826608159086
0.03897630399408818
0.04140543179484782
0.031071201157564822
0.04021479197187374
0.03426741711605804
0.06650357753423718
0.031539182822860286
0.04256567859454692
0.04191011517441616
0.05492959132396585
0.04046607268828986
0.03946907576857433
0.054809001410350666
0.03413648928170156
0.04034630243940204
0.04655392459147174
0.03668113135611664
0.03302303902889485
0.03424294482003141
0.040535067436757104
0.04060991228823178
0.05080658449484626
0.04332216598176898
0.03259204775942598
0.06624032776306484
0.06022361328997501
0.02962302801636528
0.05234438404782653
0.04528284454723005
0.030612362598793484
0.04793982419691057
0.035343174491225496
0.04174630137906168
0.039894714984002384
0.05638559761137318
0.04558541384930454
0.0357501291166419
0.04221928678695158
0.1503485102888385
0.04391443213939465
0.058260423521109224
0.04738508324927823
0.04066609932800766
0.03186442897705087
0.0316001286287968
0.05736426895614084
0.039401866244932846
0.04660278290370201
0.06348784288716286
0.04383116264440351
0.03947801988594714
0.0418937731689509
0.05207852336733805
0.03267385519606531
0.07463026536907537
0.036655679168931345
0.09124725736964065
0.05879609271306329
0.04824436636847736
0.03682818502513504
0.037854632169112834
0.048344709409734066
0.034722239331266655
0.035497291297059703
0.05330408225789662
0.03128175721198365
0.08574563414554334
0.0827160367000249
0.04286412139409762
0.03945414570653295
0.04031954077800785
0.035639277150306785
0.10897220245760779
0.06034463308828073
0.03218588466936169
0.04610870810852757
0.030881765743507823
0.03838176285287751
0.04559323244389933
0.035303369950883325
0.07552933215746219
0.03718959358526337
0.060989069923549605
0.03853382531928968
0.06468935362873127
0.0396675435512829
0.04316062484655786
0.04978627009198202
0.04178266741116165
0.038016124705846345
0.03528221283159123
0.031193688247708424
0.03348937469024869
0.07824985524333145
0.03801908012612836
0.03757381705631216
0.05818392453929548
0.03807400182126526
0.030050435357128966
0.03600485515941999
0.04132554705806516
0.04658183275327298
0.0408578342204233
0.033306941187700834
0.029349666567093022
0.0525309889031041
0.03239594410084598
0.03807892396971356
0.06809705494421779
0.03741386775879835
0.09455242325675016
0.04455001741256707
0.035585799206121975
0.07480992948314799
0.0428643128195434
0.06856824882691383
0.03641089023507308
0.04451894826062811
0.15359656935793417
0.0509519621821108
0.04708503644292156
0.037043485173776695
0.1755448442246417
0.052680898062813994
0.04806684696102294
0.16421346210912288
0.044524205190182395
0.041048272332321584
0.04393754704737213
0.06119309220372697
0.04517484323935918
0.041508795176571224
0.043598946384996014
0.09855902981636147
0.04292617482659578
0.0594100726177184
0.0547988096300701
0.2005954115250031
0.050385952576281055
0.04681675544664838
0.03688657644084418
0.05883342246473543
0.04985872765401944
0.032436123430157254
0.03926937478777687
0.03255814904013758
0.03623779909270143
0.0640276225451903
0.039358359466218
0.04138080862057768
0.032964378287707104
0.03702196337217015
0.085139920804873
0.05009376075876537
0.06442990627651479
0.07991443469301247
0.03495578757521908
0.04548836271023057
0.055427156957752195
0.05020167591366251
0.06090821251760706
0.05667628767453877
0.043388600899592907
0.041767819690631224
0.052843352505583835
0.033456433910768184
0.04269330960620069
0.044198620359394244
0.0529599818142338
0.03852443866488084
0.04505853732931207
0.05016421881620656
0.056069277206827264
0.03807043366694433
0.03826366247419009
0.037638764626824965
0.044258320703078356
0.039401589364272425
0.043477351659869795
0.07139205662022886
0.044065127803697604
0.03734907869304956
0.0640540325532999
0.03757867442580663
0.03683139047052987
0.051213823400163144
0.04691769111561166
0.044578800863373125
0.05038623543818794
0.05368827094778155
0.03756103688120328
0.044756048830663614
0.056328836007096296
0.06293600872862001
0.12079009912537485
0.03667358655439331
0.036850006397255115
0.04787298752645045
0.04966307480239162
0.031466011507542406
0.03760838063895047
0.0465262080900887
0.03336302456437432
0.05453078646526492
0.0396951633247492
0.03963322253463189
0.04666882254745109
0.03476158568633134
0.06655025277840357
0.03428331345390622
0.04449099642087274
0.0494549034867365
0.04340412036207387
0.036959180733313474
0.10808047645589529
0.06411350306279537
0.04804552200238463
0.04408160164243958
0.03269742572465946
0.04061650006006624
0.03795875609197992
0.08431522301020479
0.030006209684746973
0.05413697754185565
0.07416501026870025
0.0600279139962747
0.032876358549901744
0.04206444288022247
0.06461609565905149
0.10096877613235732
0.04015640318645126
0.03953256700680624
0.0905364155476262
0.03905387105616726
0.04495881859898148
0.04942523507870385
0.03191011963747201
0.0408925020009534
0.0419478648468789
0.08718987568738647
0.07510074142203838
0.038701766903095604
0.04218567450908767
0.04110719062932012
0.04750790495455855
0.038051652467012066
0.10826580446590901
0.043911650405568346
0.04934500318241168
0.039362097633988534
0.035892563540684014
0.03533327680369945
0.027764763269497464
0.06324923643231443
0.053380516614345216
0.049524027369984555
0.027929502113108875
0.0381358065013426
0.04341081236141836
0.04940285707709242
0.037931691673951176
0.04660143721521812
0.11063382495442305
0.041036557116092984
0.04762578850056146
0.04216222190641706
0.04913248462828938
0.03057825097918084
0.04423193503471331
0.09855995618734709
0.06003252113527995
0.03976071645920517
0.03530934772165825
0.046355451510450514
0.04021831493540033
0.052374211184283086
0.047886647151731666
0.0348507060731537
0.032031967532470826
0.0560911672111081
0.04024679653180933
0.06058473699994075
0.04191111679861207
0.04238724533256192
0.05560543294914548
0.05054338816774215
0.06548992809561882
0.046643853878309535
0.053304521916984336
0.04132680826090019
0.039992587041489655
0.08738103720384746
0.05310669084714982
0.04644131530026156
0.03624636977858335
0.08229280154377422
0.033798772346628515
0.07368202962472396
0.036825693985497
0.11906896470101612
0.04305074286388791
0.06248716208763358
0.03846378778680737
0.04420608100165282
0.03967168585747529
0.09211616111905238
0.03782676297755524
0.03519581188860257
0.03683319915059428
0.038131268969824474
0.0520635154229817
0.04997450750230966
0.03585536917876002
0.035244462214071924
0.04088165283790267
0.03696421670586584
0.04143063985837687
0.045244571840045475
0.04976227300803575
0.04365043924776351
0.06969947999320245
0.031301472591527456
0.04689599516095682
0.06305180057449954
0.08694358426578856
0.03330105513854264
0.06658114014027973
0.032067133172590925
0.0397143755570336
0.06515939061898096
0.2510374673202894
0.03556007412821948
0.042605372648296884
0.045030778415700995
0.05555758854213516
0.04164640659151928
0.051735307681399015
0.1900967270216592
0.04362632187330071
0.04293045027338759
0.0486925495385401
0.046117277656582176
0.07269606378486655
0.03980454950383852
0.12751660768651094
0.05655917441717283
0.04779575212556884
0.03982304219022916
0.03463457024750565
0.06803499514221184
0.03464132964724856
0.04678485315884254
0.03533167060052776
0.038678969993672555
0.029108362580491792
0.04253008165332486
0.043065729094764804
0.04450076743359506
0.03715934487569922
0.0364453211485615
0.034948076551972386
0.05993149558976463
0.041816790253834855
0.10449973996213073
0.03900276029588322
0.042781703119008085
0.04776273960421412
0.03503627964833555
0.03778147686107463
0.057845541716013776
0.031912707465853105
0.05223604460354552
0.032759389911694664
0.03274906505924337
0.03134903945849541
0.06669848549980617
0.03977678582765285
0.03703977186887755
0.06454633195680039
0.06295100532484484
0.03764571307421881
0.02816355810573083
0.033412400632906646
0.03385623171754753
0.04151762122277198
0.038286784394494254
0.07343081817794553
0.043433985249292886
0.036371027406893026
0.13891904340058528
0.0718147131986936
0.1590979812718187
0.046413294112664795
0.04170121849378842
0.03913024055726835
0.051427627181084165
0.04031307081495548
0.05530436615967036
0.04528664862404236
0.03919819379939926
0.05470307122916882
0.12038879429803985
0.03940211829163695
0.05063811574963002
0.03560122667291725
0.10251124888536636
0.058575017752618974
0.046233838851030676
0.03175989335932754
0.039808738064813595
0.0454236716174149
0.03563388752385117
0.048694263013743896
0.06220700438811315
0.04708243359373351
0.04653027483944365
0.0503008604215059
0.06265462033686886
0.04058057946547944
0.0733930933554245
0.09815441763591329
0.03622868001880175
0.05123766113766377
0.041247066094802755
0.06342602353934318
0.04306461124784026
0.035427870119125286
0.04532978266851192
0.03661241871189997
0.05018226835596444
0.04217164381317713
0.03691053300842392
0.043354194404107316
0.04440163350009864
0.0440643255195833
0.035398024454906
0.03191477629870912
0.03853020966201885
0.0333384597753929
0.04723768361332451
0.03549931369816249
0.06578505648146762
0.03766755109919806
0.045787535521937844
0.07520306749992789
0.040781829335017936
0.060900475379074094
0.06482675596281397
0.0408751802858849
0.047119425114648665
0.02631621220323848
0.03291816747290553
0.05562939382995317
0.04703169506488136
0.035323432986893215
0.12048887143941736
0.06016959494504826
0.047312043356235
0.07570575427634563
0.06072649109674905
0.043967151031003286
0.11886066616180072
0.07054173231785926
0.056294508274466616
0.05159806487067937
0.042021232702486394
0.14380868500918936
0.07030714846169972
0.05331252900506334
0.036263190332451914
0.06567399363430537
0.05391659794963369
0.04376578847725692
0.17419087485371448
0.05020417410218856
0.038453917115905074
0.04180456078726341
0.029703955788730904
0.04697421742590331
0.041955507259890404
0.09902765866988321
0.03719701271343859
0.033786144073356845
0.04887866418336834
0.04792250648188832
0.039017400595821976
0.07475208220024256
0.03283295015627196
0.04202152297231341
0.061157679513973454
0.03797840954065159
0.0530038232074975
0.03170556319667368
0.036790276118893385
0.0416365526096256
0.0353637251618438
0.13591430540865476
0.07312323852089468
0.03858024406720455
0.03882315511424877
0.04637829005505257
0.04506223131467287
0.02957488566500163
0.045522735003196424
0.04466877914042398
0.03427431576355455
0.03228161747441565
0.0370957616807907
0.051636993828865115
0.038157145064018724
0.040943303282914095
0.03769100568415947
0.034045115451058296
0.03318319582535929
0.035220649689939626
0.05553447057052763
0.04016709546139114
0.04243399104223026
0.0463032489523672
0.12404545069553595
0.047887293043374704
0.04720517027584565
0.09251531636794587
0.07442256792610466
0.20343658823322916
0.09735611552079193
0.04166315505880701
0.07357571630110891
0.02838594453266015
0.034196132715156834
0.04778162998616597
0.04665315550745887
0.03587887022063645
0.029899272729630156
0.11727347266285607
0.04219844116311781
0.042700733017055244
0.06589368718381867
0.06213607457075156
0.03320469823362296
0.03179983768952157
0.04998083963396388
0.034869373348124746
0.03751816813340498
0.05946162079095985
0.04254691691606797
0.04662736881774396
0.05379031152827646
0.06891222982513241
0.07438654902964392
0.042302652535244706
0.09903749589262724
0.05104863694841952
0.034956560663041876
0.05039670305361541
0.06232090026508519
0.05821078318901282
0.03186755634197998
0.04979213761429789
0.04171596416977609
0.0362373861217153
0.039844053810425904
0.04095408499298402
0.0495526655704222
0.04351109155419172
0.03936255395011528
0.04581454781574945
0.15499959035582442
0.10177356885561724
0.03327949076372825
0.04189665646380654
0.0330643643113345
0.04165609415111851
0.042372702924637955
0.03990386838582208
0.0770395208890385
0.07664632218739699
0.03560675609032957
0.04403666335848296
0.03906928093115813
0.046395939015885776
0.062270732017075114
0.03360387584583558
0.02969097828644195
0.045932785645507866
0.035614594769003236
0.03678288647743476
0.040771903878654606
0.04269724824698461
0.040497420594318795
0.07357866675173652
0.05263818480616802
0.03639242640024622
0.04277407955841484
0.05725331806551436
0.038396098740435924
0.04836563222351585
0.031042819665471334
0.03507841232540913
0.05114258200388997
0.035213682275933
0.059582276799639844
0.038964375913515543
0.04867311617722693
0.13246757366680106
0.03604691101260062
0.045415657455827
0.038710119989322285
0.0361736793472715
0.043763548749063144
0.04041135022514633
0.04997232580568801
0.05780898085325866
0.07764444822436477
0.04005886657291274
0.04859081904788585
0.04510377969738239
0.047899656515528764
0.073261296840463
0.030987067820430512
0.059049043697801805
0.04571952320178164
0.0372226187710627
0.039620451992932404
0.03818246730173601
0.0419522992979487
0.040759779517621365
0.05682538114450046
0.04834565495412841
0.05144456036484623
0.06512044650880061
0.05411206256230231
0.05753959066766762
0.02597390485276718
0.05921370595082811
0.052118918778023125
0.05730728478454544
0.04003590011438612
0.05110823376035536
0.04202822850227349
0.04766176356444294
0.05241838543241801
0.04354044415544147
0.039328419988554485
0.03829099373424733
0.038664698513398654
0.03246360395254004
0.03075897832644784
0.037530152868282166
0.042352233588124163
0.037828442172267086
0.10149542739318355
0.05203982548076041
0.028893010863903452
0.049634980548967964
0.04336819809714274
0.033331237284087274
0.03542632856775334
0.03162087767401516
0.03846730682599416
0.04490238161205394
0.03516798222246814
0.03882586092357418
0.04590091828547416
0.03654045230817725
0.04437679932459587
0.053349965373411364
0.04868727046139433
0.04822640798350746
0.09093591067562312
0.038819042981315804
0.041434154525627896
0.05236039648048751
0.03286923423153698
0.046791463752996684
0.04944082688637506
0.050462465635774105
0.03896822686403998
0.03136116904865706
0.04121525401386781
0.0637772201709194
0.039349241498783286
0.03565996953929541
0.051886769085207285
0.04502774347369044
0.04177474830126704
0.060637393936012696
0.05388908701099147
0.03853015171491529
0.14374653087065364
0.07059307663477152
0.07376133676092883
0.049267826334005865
0.04195107290088207
0.045712874876173155
0.04409609822678037
0.028634181392558487
0.047077909806019065
0.040211322966064826
0.05347953440068991
0.051549204233476725
0.053943902989778386
0.034912898447119055
0.03290006153430298
0.039012415108946576
0.05589345238353372
0.03841257580027245
0.03914576353751316
0.07999740934195887
0.04709307028887847
0.03381830145853881
0.030765765514382797
0.036422906644910144
0.04246077131828191
0.032861371091590465
0.03975383278258372
0.04519517088555051
0.08855941884216899
0.08213118559622128
0.04412719396599358
0.04233193755519349
0.0452983261999415
0.04187907308582673
0.04495226203204384
0.03389802895449983
0.03760870911137848
0.052059511700031334
0.0359412606826854
0.07255202811345927
0.028664078206903483
0.06376405948140866
0.0327220132612071
0.04457738651681825
0.04799797800204039
0.10261367080520865
0.03831800837060609
0.0586766197539334
0.04506308013613882
0.07369250981823637
0.030600106053424364
0.06647393734636083
0.038193658265043645
0.03823837613443579
0.029481835740827498
0.03383929608005108
0.04979813850171541
0.02971497212004636
0.05272178557198477
0.053008713201911695
0.04972111224281502
0.037808866252170864
0.0453732769263911
0.05013845001864584
0.030362736550271767
0.042153702672809476
0.029942218121231632
0.03160571451901256
0.06357726550562649
0.03741696265411712
0.04781539621581539
0.0443229054648649
0.14282856439163377
0.0521901192660626
0.04087938587521693
0.04685876256157016
0.03982388387176731
0.03800048680894499
0.039876100669285874
0.06854644183516212
0.047538097812057666
0.044262923411989355
0.053543778595132395
0.03719412414691488
0.04851622986291787
0.04062985618224145
0.04268125592674642
0.04712270119826026
0.0398073941772572
0.04493594375651058
0.03450741757636806
0.034407116385206674
0.1110574856320314
0.04892782016690522
0.050399124999866714
0.05568352749320736
0.04904282542721237
0.04056709733260554
0.04382637906771963
0.042213391796158004
0.035710741444736266
0.08680176457777751
0.05909315400787119
0.042829045419189464
0.032450199551264505
0.04292549451430968
0.050867364886501135
0.0714112207405478
0.04156798266402742
0.03158366396385225
0.033271445648285485
0.027424708106739693
0.04276255529831833
0.0426075244965804
0.04380219902160908
0.04213102878447273
0.05204816125766489
0.04316496832456985
0.03031864606002038
0.04480123531191232
0.0931960566106432
0.08005106097970531
0.041749883108110473
0.054896562118237825
0.055074944663803214
0.11074292189171674
0.04001260169932014
0.11443097032760809
0.07403208200243279
0.03924700432889406
0.07500546926344702
0.0677667344268895
0.05468828839317153
0.06319186741133825
0.051995274460611744
0.03283375666747893
0.05052018821281895
0.03329963687183697
0.04326448018462035
0.04709570335842783
0.05010761298708205
0.05113599925386354
0.05069192994677619
0.04044346623803184
0.04698046257868632
0.04787536757076316
0.04048459772489708
0.04668537418712577
0.0750444565438904
0.04116248472106944
0.04142651151185493
0.08972578846181851
0.03920311989308547
0.04617845558806217
0.026981630266035547
0.04136409649304786
0.04285439269591425
0.03591186313553606
0.04426842238735171
0.0551578753679851
0.06284938198223561
0.04519291345790806
0.03314354241514423
0.09788084869490295
0.06748655488275762
0.028777065092110393
0.042894920906336106
0.07381032299936266
0.09240671088905357
0.1628976431167059
0.10061388988816401
0.042765950207193766
0.04677634369771117
0.045871381704699996
0.03069908889116639
0.04347049046048626
0.04512144660161047
0.04040821400684282
0.06132413707282648
0.041193646222810236
0.05592865593299817
0.04679672968010283
0.04322319084812599
0.043016256560258606
0.04948177500905734
0.04908172848877131
0.04210648641013581
0.04465419342888469
0.04809629861096112
0.0413442425034628
0.04793954589498982
0.04956350069367219
0.032868038760855485
0.04891917461666944
0.057371546364742614
0.12492913445131812
0.08502258456481095
0.03275862452121809
0.07843764376807044
0.03857007453684093
0.03766732094356796
0.046148150618670024
0.058463677840176705
0.05654248445320085
0.04573684823093365
0.0328493591863235
0.2975519817896218
0.1537054664479557
0.03732752549733843
0.040114822792865754
0.03181682705897291
0.037301369107299205
0.034469494801797784
0.08298414180813113
0.028456284614208415
0.047942079708138505
0.03687037182761991
0.03262665727237892
0.040949635272052205
0.041927532386082766
0.04000314380101113
0.12848944684641656
0.05565779180031136
0.05589760048550174
0.04683880636434282
0.04346843846256419
0.08585784120275666
0.039133346191288436
0.041820942398071256
0.034004680519213855
0.043384322369057725
0.03965267368675364
0.054031193137954604
0.03972205383834292
0.04051405524407629
0.03822850304923814
0.04737409979486924
0.04003551657113482
0.0338575481997436
0.05205224267018927
0.10406883229645487
0.058852018616222086
0.046095247296048455
0.04175982710763425
0.047596962059489815
0.048445078683211365
0.07064779473821843
0.061909340808778184
0.036512141459874435
0.06544975361626579
0.03308830567782796
0.03758468461377276
0.0508870267963951
0.036886524724761185
0.045023500491174165
0.040731884108281574
0.05089488576421042
0.035203024132582104
0.07812988863366056
0.03820497267348812
0.03809178565029648
0.04607860676228099
0.041978375028444516
0.03591106980388553
0.04422826518391979
0.07392470678418372
0.05643978449804748
0.19565551232874628
0.07481224237002233
0.05019760559619998
0.042966786630630735
0.06420788982799301
0.04180872563693384
0.043365663360388496
0.050664680321018785
0.033832550240263555
0.047400722505303104
0.036904002596932016
0.09849500132893382
0.0913156095168499
0.03572143574434772
0.12329844457494957
0.07976757681546029
0.036422338981775354
0.03612939290207884
0.027108171561918564
0.03461890081195383
0.04186906619794403
0.09200317384985504
0.050206683168983655
0.04251520746362727
0.0588292479629653
0.05889312297573205
0.045493745261347
0.03519746582759023
0.035372899121681345
0.03877770025516404
0.053548279705529965
0.04660890202230234
0.04201347991039858
0.03839166917867962
0.04735810875340986
0.03705374343432552
0.038960096685054346
0.06743646182173157
0.04159367298761742
0.053422001622698445
0.030211145721148417
0.07634837593419595
0.06386213714688226
0.06871070453046119
0.042697281172962995
0.03688306157412671
0.06702859620130099
0.06479551238463957
0.03059070228840142
0.043549005029641326
0.03377859772389308
0.039870871188558955
0.03940803079629949
0.03772273836556047
0.04638526646122523
0.049747017686506925
0.0873942273828316
0.04448718020781488
0.05651687928869548
0.051934652383769424
0.05146283722310288
0.04616595058745516
0.03762467167266037
0.03875526571944473
0.06654773575021075
0.04715416668016417
0.038037436368406424
0.03657229641679836
0.04998687730474955
0.03976454632043414
0.042095129169319526
0.05995339630578607
0.043016977417255124
0.03506689305999241
0.06429751452513173
0.041806406600145125
0.038927545338050214
0.04381985539104876
0.0382599655852133
0.03485426110889696
0.04059647553458408
0.056944317545826066
0.046448666885920836
0.04699140071016224
0.044443864576386265
0.06143646892522611
0.0827888560379268
0.03823716692967929
0.03885561266887726
0.03484138392119999
0.03769249141626216
0.03881391307873773
0.052494538086009596
0.045228341227664615
0.06567795795024989
0.11329690945753228
0.09103042775356875
0.05963704799817594
0.03609833378699025
0.039511120757050475
0.03532313106540279
0.04044649755976986
0.034696549077133876
0.09641517800986335
0.0443137857935421
0.11011343440877622
0.04562908567741442
0.053325123391922684
0.05542566828903005
0.043556891610531355
0.08363671989632751
0.06166671669974559
0.03891635517182045
0.034365506276884616
0.06393678318217662
0.05297886895710825
0.03819503888143529
0.03866895508531873
0.04028769591449445
0.038331304111584724
0.162760134074128
0.042356058466628974
0.031269867364510186
0.05262138705018709
0.05357283800795292
0.04591079024629324
0.048952370106892726
0.049201522070717575
0.030579575968618523
0.047577620121607746
0.22452107736132423
0.11759163800609947
0.04035119539462888
0.060158797760440544
0.05644833742737454
0.05271366014458228
0.04589248270905148
0.03845161567158309
0.046652884245834664
0.037741908350729145
0.048886503331829714
0.07873705588967189
0.04881399492548851
0.13136063672965326
0.049853463152332585
0.054517903283595834
0.062184725532634565
0.08739749279641242
0.047824431571171375
0.09164392801482521
0.05354033299100809
0.05031036094768658
0.04402299770177906
0.03123029133488158
0.030152362044135437
0.041401365402283806
0.033128175844029877
0.05633539143291982
0.02669349455107726
0.05513991078085684
0.037322156969052424
0.03263571708911954
0.03581187921014824
0.0389393629964286
0.03734492660159947
0.03793936852868023
0.04159596687074735
0.03336859228047305
0.07381964604392835
0.03901925166537213
0.03955749474461063
0.04802841773243692
0.041729062020566324
0.04330805087827325
0.035999579919576356
0.05752600809254206
0.03998707920238606
0.03248387752345003
0.06367614877693527
0.05132889943045281
0.03742716172697305
0.057996286831745146
0.039600729212146316
0.042409315496640225
0.04782278765464897
0.04200986579395887
0.040705237050819125
0.034909087745726895
0.06662303945607008
0.046131155879598366
0.09389050496715881
0.037782670774320494
0.03138474435284574
0.0613456155143233
0.040434492277540084
0.039318276898428026
0.051452572636591545
0.03678021168771025
0.03620377890934005
0.037042664740682685
0.029732529889110015
0.04260539765367748
0.09162652415654032
0.0718266401705089
0.044262360504910205
0.031223983244441735
0.03893367831451454
0.06177525225799883
0.058979601027591824
0.039593435323819426
0.045347719406467334
0.03366516406477455
0.07389421238360139
0.05686182643788607
0.11893919086911801
0.03597988421335847
0.09029543360201833
0.08034522908490736
0.02916771462171278
0.03825712054970808
0.027579910115349895
0.03854808067271645
0.08462040358455916
0.0394328483749481
0.04097617213518363
0.05020336906898339
0.04616275051164301
0.0836216861861691
0.04288219988307217
0.03361019940358381
0.04325133015920279
0.13622291829017338
0.042043845022964925
0.06020906157261816
0.029540238604706198
0.04196433630515683
0.039339419762354895
0.03602865655124003
0.07471068457015895
0.029132692371923598
0.040934959071068026
0.038132829144345175
0.02978193165889337
0.04008783667210047
0.04136721946230152
0.036576068434326224
0.027291876281246373
0.050975539359221916
0.0769908320672093
0.037501511745342726
0.030422746993606618
0.04086476568083662
0.049531726903080484
0.037859416318994435
0.03662747974601376
0.06554874318017054
0.033544816822081
0.04009282611805717
0.03075285688065744
0.09953067460311987
0.0406465680443887
0.037966919694914385
0.05119818301670638
0.2387487987325908
0.03009443541262802
0.04365095951119949
0.03956220374135466
0.030630612960410055
0.045610983173920955
0.042673719681533245
0.045880048639748656
0.15605056372603165
0.03321201664266098
0.034541793140495804
0.0695014739803144
0.05172032012707025
0.06876514263116637
0.035178152791323754
0.03414386272332719
0.03305403763135143
0.0834032145895158
0.030965733553733197
0.03303075602737328
0.04600849955440877
0.03670210964104637
0.04383771890113473
0.04858132622614551
0.04231697667950336
0.03459566363167235
0.045919618918347206
0.04649622212684393
0.07477628599987057
0.07636196699484847
0.039100404875834466
0.04011934094991128
0.047819611227304534
0.03652654645500829
0.04297329486167088
0.04081704649830329
0.059878064374201866
0.03386094319340697
0.038203536418393275
0.03674227874463079
0.0713302614701525
0.03682664721116356
0.04710348423990464
0.05171858066002605
0.03722295945754188
0.041695124812192265
0.04872301329594774
0.037243428740601874
0.04933750369283294
0.03694191497628184
0.040344992345803354
0.04740417801077509
0.17639482352154262
0.04322177705917314
0.04365188216014626
0.034748617776765876
0.039446486869983644
0.13724229933486568
0.03835991784049402
0.03173379233725432
0.05458987341660032
0.09900876154356535
0.04058237514610883
0.07054383552209754
0.03748107333408997
0.06419033164384691
0.038961587031009305
0.11273363955194822
0.03213896230241349
0.043492744247608066
0.039817892759767166
0.07562982224723812
0.039812469828801794
0.04831388011668259
0.03514289739443921
0.03392457377177407
0.04279486445554281
0.050889677062601696
0.07138260072293168
0.0320275001651938
0.04641680467599617
0.04242627653882945
0.03892013284424579
0.05585408023001087
0.03866932286432603
0.07223928224114065
0.03408213652313176
0.04882380771662306
0.050516553117305955
0.07188574942287225
0.03997721499140567
0.04484849023445416
0.075613565876765
0.05901990990888692
0.044706478544627365
0.03473100526718337
0.07505508220948859
0.03327596642710883
0.05275165328782307
0.031109905650372676
0.03836208423233918
0.04812923542425973
0.029708928214853415
0.03698372954009732
0.0461369105291931
0.045289984937129706
0.039643182706240294
0.04962347628400867
0.06897925667048055
0.05401838777459681
0.04186925832937521
0.04534765640240967
0.031489196983761854
0.04618184608434291
0.03885834702947338
0.02734424875019435
0.10226222547892855
0.03929270535308626
0.04299977407344005
0.040364052572809284
0.08640206938458354
0.032609452873218994
0.04340701241456081
0.04425793407363379
0.03404412641993254
0.03335663437392619
0.1016935677528906
0.033582509917914324
0.14802100470559312
0.11105547751764804
0.04430870894754182
0.037820404003207686
0.03364184464256396
0.05494723748813889
0.04098198577106961
0.1050731698422602
0.04483701507137214
0.04918408325792967
0.0996151311908282
0.04512398400029971
0.06612148040145903
0.04413439814823024
0.07726510260029562
0.04100123726351113
0.06159616966321675
0.06150958863431852
0.05275807617090357
0.034880788522055575
0.0355185885362501
0.034765914892644835
0.03347174609639233
0.0346829505642443
0.03495856847161066
0.05891896672968872
0.0361095610627064
0.03982857426823601
0.03438446801488637
0.04904676536849284
0.03640478959527973
0.06464117575036048
0.039762169668342257
0.05893611727664095
0.0378659541798335
0.04780596390741604
0.031102725276611922
0.133892147694484
0.08223531309866339
0.0688703403702306
0.06023390563471297
0.034449579902775855
0.03213678364433871
0.028922785354973123
0.036833441909955494
0.04026669518434294
0.048737909178662206
0.04609868790741111
0.03782832384696348
0.12083237384132485
0.09827022307747826
0.048725880200350465
0.048812159596939596
0.03599733304946352
0.05718301304428866
0.037743228477137805
0.048866882907962
0.05976847482768833
0.07198388935153431
0.037266340789861845
0.07502077921856122
0.05963516487242253
0.0424184992552833
0.03726188232700938
0.04278747882367446
0.2459594355834831
0.2550905793475851
0.049298089234049804
0.04173945505740642
0.03912200185609503
0.03794503839121054
0.03844549793580943
0.07076802063193545
0.05069418657608203
0.0469850497097591
0.04200805590520447
0.05249651679475152
0.04942421780805283
0.030652844245599074
0.12715153519738354
0.045632484115632296
0.04718725992469218
0.04988184241810717
0.04664998127004564
0.03889809605614548
0.06288345635433314
0.045212425008492756
0.07636084513710205
0.03728281210397167
0.07762478355053165
0.029097512252134493
0.035832684251567534
0.05047673593625828
0.04490749034578334
0.03723111388682217
0.04734529963658522
0.05152713013949038
0.057692808531236386
0.045853595105945395
0.051420109399073245
0.03639553645044745
0.03164538287747717
0.0557580505868229
0.03451935301779752
0.036996824892251035
0.04614967092461825
0.029115866736103387
0.0871351772455555
0.0322758317522392
0.05036135958071705
0.04708114472320132
0.036198486763362965
0.04392884426018626
0.04125524851835388
0.09817770084519775
0.20257124126431528
0.045042163578371305
0.1779861674012253
0.050975296878777096
0.2677902987660975
0.08801316514317602
0.04644436319406564
0.0315359036135843
0.0689574333829612
0.04896912105033079
0.04005644164212516
0.039846658312698596
0.03953369336177321
0.07450595430733338
0.03075425814105436
0.044459337085888805
0.05222019742115084
0.038063617259080196
0.04481093525318349
0.04387902581042826
0.044546496313795744
0.03474707641461524
0.05622508682154777
0.09133931796344026
0.0493198572624406
0.053230075947419714
0.049432040783434904
0.08943482819943466
0.03867487794608155
0.04173052723386187
0.04657129776282813
0.05243076418819148
0.03753204268378302
0.03533029159400267
0.03967981452851022
0.042412617469286706
0.04514858256640921
0.04472095260003329
0.052617731219184144
0.0388435498952717
0.043471619720266245
0.045000993239820014
0.02975844342428374
0.040231723504145514
0.031382078493147225
0.04664377298013611
0.056772461436363754
0.04694985639123075
0.05974151076514136
0.040711578688324236
0.03376353708340364
0.03549648751489724
0.07553315471186134
0.04228642112814678
0.05121487479120275
0.04466782387695794
0.03434940082745137
0.04112169931130643
0.26652396909881837
0.051490866098878506
0.2244577342357159
0.05619971531995194
0.03174115250925509
0.0328867720717125
0.03681583025646779
0.04016496640604232
0.044243083202846985
0.050713149832818175
0.040983004314485316
0.039046587429262695
0.03133746583480734
0.03471955102537681
0.0462715043295784
0.048083881162527535
0.04143103469630511
0.036143975225008874
0.03557171216353252
0.0526016284920183
0.059488557791510216
0.03600762379713972
0.03441289440995586
0.033825888202759
0.03876727812091441
0.05342340374341015
0.11186779419620031
0.06805821263329462
0.0342509406390515
0.04392873547095485
0.03814694488682637
0.04211676278160921
0.05610914849840623
0.04430605112747617
0.14509613767871943
0.049375541407460685
0.12733095773709682
0.03743009394256783
0.11040373938320114
0.03658303478567425
0.052555673280201956
0.04008977671919613
0.04799455006167531
0.08343363719007219
0.041175407485804595
0.04639061458424248
0.08700522032702514
0.03207154320512395
0.03794945445462988
0.03378019826274213
0.045702147104362385
0.04380124518441673
0.05506524150620166
0.051425419290265444
0.04080914110239665
0.03950845079676345
0.05972600118997804
0.03838081544418841
0.043467268459061986
0.047896541052461945
0.03800037599823277
0.032942054145998594
0.031017924284834006
0.03799379713751663
0.09967743644596422
0.03452127164758776
0.03530209764889501
0.06980551502582884
0.059058798670653896
0.043078910357357086
0.0455628269981262
0.04739041318711649
0.042127377243045355
0.04018880500483379
0.03680169185125748
0.05454855150919922
0.03797650344060991
0.05899070004716164
0.03771300132388395
0.04731319971592518
0.12725757824525144
0.08187371140411605
0.21973034801212205
0.03584205562672167
0.029028728216157377
0.03851757207619399
0.03192122862334555
0.05829554450532873
0.03805526716178512
0.08411869336850043
0.04691820448715914
0.04187076859166839
0.04258253152975944
0.04528851128767071
0.0723039784994351
0.04509732163924462
0.035987952081480104
0.0313040956497852
0.14117481519556416
0.0319468713023517
0.06530546184753319
0.038256662730001674
0.03614889327380492
0.03199684873389042
0.034125684668498336
0.0390471912426427
0.12866032607460567
0.06109197085355385
0.04095005672370805
0.037212115707117695
0.060137811016268666
0.02684813212379389
0.06968269811456347
0.06453091755319056
0.03965685438301249
0.034411293612700726
0.06730627286327794
0.04800664931182182
0.04165694985122062
0.03128186641726169
0.03962437128179688
0.03368874450049527
0.04556437992193229
0.06720503457808119
0.03123480851974675
0.041880606146806894
0.0441550416572892
0.08937213213360679
0.03775660429825038
0.054356609020880416
0.032100082471403314
0.051491824796379135
0.03132926960183006
0.0308390913220576
0.03484203333874523
0.08819401222959873
0.052896153946099304
0.03661447233996183
0.030831592410316407
0.043177403169172936
0.04015643609610329
0.06634565046303277
0.058658220947059615
0.05255738927399931
0.03948836270740984
0.03413546272038321
0.03246912865917163
0.050529259316760756
0.06904029473919165
0.045973656008143154
0.047525375876367605
0.038666875486484224
0.03314407855929324
0.06019140056276576
0.04917796243754021
0.04017872690711868
0.04921195161259228
0.06294077987494251
0.04168552570471036
0.034139292236409345
0.031539030203766465
0.2019668343680184
0.09918726688408294
0.034787178813234634
0.03311565880445332
0.1503553658755902
0.05282353037892291
0.03837835633910388
0.042900394297230166
0.04018895619701629
0.03534470044372244
0.03101309998291768
0.05342808818018778
0.04095739497941846
0.036910311138458135
0.028917470687556523
0.0344462637865196
0.03923021832159715
0.06675204118521971
0.03928273848559209
0.028291654174817486
0.031060862057880976
0.04581696409444706
0.04121379782355493
0.0841609926251467
0.0583134460642924
0.036947717939201784
0.11709800316937347
0.07889109536885543
0.03381991975020199
0.03229187245438079
0.03837096841441939
0.04584766391096797
0.042202370898197304
0.038422934144671954
0.040074857762010946
0.06777820404119846
0.04001996216420441
0.03928469814433673
0.032304915591909296
0.050379349269092884
0.05491929396043089
0.04724080663593574
0.05361798942491774
0.04992984054881813
0.031429506270692034
0.05103853721316073
0.03737021547343054
0.0419491617386135
0.03149645845969886
0.03340306554967383
0.04279964103570372
0.07639824654105931
0.033198154581131914
0.048164318010653455
0.03536082596263909
0.06950293783725313
0.0510377123934315
0.04156034063622917
0.04108165800065035
0.038052090679828086
0.05072402258068238
0.043117860451378075
0.043120736105363364
0.03960997206590802
0.05078109812590432
0.08050774076047072
0.04137280580761083
0.042172120326071844
0.028761962257319768
0.03939366873194791
0.04726257961646428
0.05091066953627962
0.03707959529063757
0.11395467799447224
0.0360026107554829
0.10807249826247349
0.04727584696046977
0.03657862406102315
0.044756157964743436
0.05787507189724295
0.05073021264065434
0.0455550046933729
0.062381213907367894
0.07303651573239453
0.03985624558881052
0.03939181360302572
0.04329459854937561
0.04496462112020265
0.04816291426051977
0.03564537855189071
0.038383160688412625
0.048139617045513776
0.03521902660139856
0.04454492774664535
0.03907918369998646
0.05825339711035631
0.06155095962521354
0.03120864473458711
0.04639444720336877
0.036799503584898544
0.03626136624837786
0.03933317362155187
0.0382548154681519
0.036188062600839295
0.03400345610074306
0.043420313117836465
0.04008545502927451
0.032448846619391104
0.0468925898665644
0.03779037174529906
0.027364652185994397
0.03791301921540763
0.029464345829398175
0.06063466516980278
0.0954438337261474
0.029327770848256978
0.03352237624179817
0.03847468643233551
0.038039329624601104
0.036091416175054424
0.06082101499385227
0.08668299709536528
0.09997001857269389
0.12128374082229426
0.154694759965732
0.02904663542001378
0.05174823911918654
0.06187215465650098
0.05139607471776132
0.054760329185720026
0.15609955581977958
0.054996915287942656
0.15471252194771495
0.03182097663059703
0.06972409540163546
0.033334247799823594
0.032095433167936206
0.05603698362973341
0.04081863478684956
0.03829259776117597
0.06313558849408346
0.04983121618582981
0.04875438306513253
0.06561353286570061
0.05964212558360424
0.2104486649806274
0.052102912208706796
0.5016962101633194
0.041087833016900575
0.12181787420137283
0.03624577857634818
0.4851262178668011
0.08292065719981265
0.15231650525989307
0.09052125474980541
0.12043471501620506
0.19857584318671287
0.1434651408600948
0.31693674832165075
0.33090350325647305
0.0628486253945939
0.33826610404000673
0.22588684491375904
0.08038488223048489
0.04424251325111175
0.295104922353302
0.3294594845793176
0.07231032526196478
0.21965441407125477
0.3188632924472332
0.03632036899578273
0.30713062792497714
0.31994063292868946
0.17185937693036057
0.04984572457399836
0.05185639037699805
0.052472939993742196
0.04365493462377783
0.40820864375744226
0.16319793371799782
0.17836440801140813
0.29018190793679827
0.17377333326656907
0.11216860531614432
0.3733673530267918
0.3540568433789563
0.11886031501089392
0.15559878975967392
0.3324266962632501
0.10284135828922569
0.10881567514541111
0.03461223482855428
0.22485432649582046
0.44658012617927295
